16.00,27.00,2.00,12.00,14.00,13.00,8.00,62.00,114.83,11.50,15185.86,0.44,212.00,0.09,843.66,1320.51,92.00,120.00,60.00,15.00,94.00,0.00
14.00,12.00,0.00,0.00,11.00,1.00,1.00,62.00,27.23,24.09,15801.66,0.22,125.00,0.04,877.87,655.99,39.00,86.00,17.00,21.00,79.00,1.00
6.00,9.00,0.00,2.00,5.00,3.00,1.00,27.00,25.95,22.91,13621.99,0.20,115.00,0.04,756.78,594.54,41.00,74.00,17.00,19.00,38.00,1.00
6.00,19.00,0.00,0.00,10.00,3.00,7.00,26.00,27.63,21.18,12391.41,0.20,116.00,0.05,688.41,585.15,45.00,71.00,17.00,16.00,37.00,1.00
3.00,23.00,0.00,0.00,12.00,1.00,1.00,24.00,13.23,33.00,14404.99,0.15,101.00,0.03,800.28,436.51,44.00,57.00,8.00,12.00,29.00,1.00
8.00,11.00,0.00,4.00,6.00,5.00,4.00,38.00,46.35,16.00,11864.41,0.25,147.00,0.06,659.13,741.53,56.00,91.00,21.00,12.00,53.00,0.00
2.00,1.00,0.00,0.00,1.00,1.00,1.00,31.00,62.09,13.79,11804.52,0.29,155.00,0.07,655.81,856.15,70.00,85.00,33.00,13.00,35.00,1.00
2.00,17.00,1.00,8.00,9.00,2.00,8.00,14.00,24.56,22.45,12380.30,0.18,101.00,0.04,687.79,551.40,41.00,60.00,21.00,23.00,25.00,1.00
11.00,16.00,1.00,13.00,11.00,4.00,1.00,58.00,49.25,17.86,15709.76,0.29,145.00,0.06,872.76,879.58,64.00,81.00,43.00,24.00,83.00,1.00
5.00,17.00,0.00,5.00,9.00,3.00,6.00,35.00,27.41,23.50,15139.00,0.21,118.00,0.04,841.06,644.21,47.00,71.00,22.00,22.00,47.00,0.00
4.00,17.00,0.00,0.00,9.00,1.00,8.00,32.00,19.20,25.97,12946.24,0.17,98.00,0.04,719.24,498.57,41.00,57.00,15.00,19.00,38.00,1.00
8.00,9.00,0.00,5.00,5.00,5.00,3.00,35.00,38.90,18.75,13675.98,0.24,138.00,0.05,759.78,729.39,60.00,78.00,24.00,15.00,50.00,1.00
11.00,15.00,6.00,4.00,8.00,7.00,1.00,31.00,32.29,22.26,16005.55,0.24,137.00,0.04,889.20,718.97,55.00,82.00,21.00,17.00,55.00,1.00
14.00,13.00,0.00,0.00,12.00,2.00,1.00,70.00,42.98,18.38,14512.58,0.26,136.00,0.05,806.25,789.80,49.00,87.00,32.00,24.00,86.00,0.00
4.00,13.00,0.00,2.00,7.00,5.00,1.00,33.00,42.38,18.79,14958.55,0.27,139.00,0.05,831.03,796.18,62.00,77.00,33.00,20.00,41.00,0.00
9.00,9.00,2.00,2.00,5.00,4.00,1.00,27.00,47.18,16.72,13185.30,0.26,142.00,0.06,732.52,788.75,59.00,83.00,30.00,17.00,46.00,1.00
5.00,13.00,0.00,0.00,7.00,6.00,1.00,38.00,23.58,24.67,14348.35,0.19,121.00,0.04,797.13,581.69,37.00,84.00,12.00,16.00,45.00,0.00
7.00,9.00,0.00,0.00,5.00,5.00,1.00,32.00,30.81,20.63,13113.30,0.21,126.00,0.05,728.52,635.59,56.00,70.00,19.00,14.00,41.00,0.00
8.00,15.00,0.00,13.00,8.00,7.00,1.00,27.00,24.59,23.16,13184.02,0.19,111.00,0.04,732.45,569.35,39.00,72.00,16.00,19.00,50.00,0.00
3.00,9.00,0.00,0.00,5.00,4.00,1.00,18.00,26.36,22.00,12759.36,0.19,114.00,0.05,708.85,579.97,44.00,70.00,17.00,17.00,23.00,1.00
5.00,17.00,0.00,1.00,9.00,3.00,6.00,23.00,23.59,25.88,15796.57,0.20,120.00,0.04,877.59,610.50,46.00,74.00,16.00,18.00,31.00,1.00
6.00,13.00,0.00,2.00,7.00,5.00,6.00,41.00,58.54,15.65,14331.67,0.31,164.00,0.06,796.20,915.93,76.00,88.00,34.00,14.00,53.00,1.00
1.00,25.00,1.00,0.00,13.00,11.00,12.00,26.00,28.89,22.37,14455.38,0.22,125.00,0.04,803.08,646.24,50.00,75.00,19.00,17.00,30.00,1.00
2.00,13.00,0.00,0.00,7.00,4.00,1.00,30.00,30.60,21.00,13493.48,0.21,117.00,0.05,749.64,642.55,48.00,69.00,24.00,21.00,35.00,1.00
7.00,7.00,0.00,0.00,4.00,3.00,3.00,21.00,35.20,20.57,14895.77,0.24,137.00,0.05,827.54,724.10,48.00,89.00,21.00,18.00,30.00,0.00
7.00,9.00,0.00,0.00,5.00,3.00,1.00,36.00,61.66,16.20,16181.61,0.33,172.00,0.06,898.98,998.87,81.00,91.00,40.00,16.00,43.00,1.00
1.00,11.00,0.00,6.00,6.00,4.00,1.00,47.00,44.86,18.33,15077.27,0.27,166.00,0.05,837.63,822.40,77.00,89.00,21.00,10.00,56.00,1.00
7.00,13.00,0.00,0.00,7.00,7.00,1.00,45.00,34.70,19.08,12631.04,0.22,122.00,0.05,701.72,662.00,53.00,69.00,25.00,18.00,54.00,1.00
1.00,13.00,0.00,3.00,7.00,5.00,7.00,14.00,10.07,40.07,16167.89,0.13,88.00,0.02,898.22,403.48,33.00,55.00,7.00,17.00,20.00,1.00
4.00,11.00,0.00,2.00,6.00,5.00,1.00,48.00,49.96,17.00,14439.21,0.28,149.00,0.06,802.18,849.37,70.00,79.00,35.00,17.00,56.00,1.00
11.00,9.00,0.00,13.00,5.00,2.00,4.00,28.00,39.83,20.15,16169.62,0.27,147.00,0.05,898.31,802.54,64.00,83.00,27.00,17.00,54.00,0.00
8.00,15.00,0.00,9.00,8.00,6.00,7.00,31.00,45.81,16.69,12752.83,0.25,140.00,0.06,708.49,764.32,53.00,87.00,27.00,17.00,50.00,1.00
8.00,21.00,0.00,9.00,11.00,3.00,9.00,32.00,25.71,24.94,15988.94,0.21,125.00,0.04,888.27,641.16,42.00,83.00,16.00,19.00,51.00,1.00
9.00,13.00,0.00,0.00,7.00,5.00,3.00,35.00,30.34,21.47,13988.36,0.22,127.00,0.05,777.13,651.42,51.00,76.00,19.00,16.00,46.00,1.00
3.00,29.00,0.00,0.00,15.00,7.00,15.00,36.00,32.22,21.33,14662.91,0.23,134.00,0.05,814.61,687.32,64.00,70.00,21.00,14.00,43.00,1.00
11.00,13.00,0.00,6.00,7.00,5.00,1.00,44.00,50.34,16.00,12886.65,0.27,145.00,0.06,715.92,805.42,62.00,83.00,31.00,16.00,63.00,1.00
10.00,7.00,0.00,1.00,4.00,2.00,1.00,29.00,19.68,26.40,13716.72,0.17,103.00,0.04,762.04,519.57,44.00,59.00,15.00,18.00,42.00,1.00
7.00,7.00,1.00,4.00,4.00,3.00,1.00,21.00,40.44,17.37,12202.02,0.23,132.00,0.06,677.89,702.49,47.00,85.00,23.00,17.00,35.00,1.00
2.00,11.00,0.00,1.00,6.00,5.00,3.00,21.00,16.27,28.05,12803.96,0.15,96.00,0.04,711.33,456.47,33.00,63.00,10.00,17.00,26.00,1.00
7.00,7.00,1.00,7.00,6.00,6.00,1.00,42.00,36.28,18.67,12641.61,0.23,130.00,0.05,702.31,677.23,49.00,81.00,21.00,16.00,60.00,1.00
1.00,11.00,0.00,0.00,6.00,3.00,5.00,9.00,30.07,22.50,15224.23,0.23,133.00,0.04,845.79,676.63,40.00,93.00,16.00,18.00,12.00,1.00
7.00,11.00,0.00,1.00,6.00,3.00,6.00,24.00,17.66,30.00,15889.84,0.18,105.00,0.03,882.77,529.66,39.00,66.00,13.00,20.00,34.00,0.00
7.00,11.00,1.00,13.00,6.00,5.00,5.00,33.00,33.82,20.58,14323.04,0.23,126.00,0.05,795.72,695.97,49.00,77.00,25.00,21.00,57.00,1.00
4.00,11.00,2.00,0.00,6.00,4.00,1.00,29.00,22.09,23.75,12459.65,0.17,104.00,0.04,692.20,524.62,35.00,69.00,14.00,19.00,37.00,1.00
9.00,13.00,0.00,11.00,7.00,7.00,6.00,32.00,37.28,20.89,16271.82,0.26,141.00,0.05,903.99,778.82,65.00,76.00,28.00,18.00,54.00,1.00
4.00,19.00,0.00,0.00,10.00,3.00,6.00,19.00,20.30,24.89,12579.06,0.17,102.00,0.04,698.84,505.33,41.00,61.00,14.00,17.00,25.00,1.00
4.00,7.00,0.00,0.00,4.00,3.00,1.00,24.00,30.87,21.91,14824.86,0.23,128.00,0.05,823.60,676.53,63.00,65.00,23.00,16.00,30.00,1.00
6.00,13.00,0.00,5.00,7.00,5.00,5.00,25.00,33.02,20.83,14320.27,0.23,132.00,0.05,795.57,687.65,49.00,83.00,20.00,17.00,39.00,0.00
8.00,5.00,0.00,4.00,3.00,2.00,1.00,33.00,55.90,14.95,12492.89,0.28,154.00,0.07,694.05,835.64,69.00,85.00,30.00,13.00,53.00,0.00
5.00,11.00,0.00,0.00,6.00,5.00,4.00,24.00,23.82,22.63,12200.93,0.18,102.00,0.04,677.83,539.11,43.00,59.00,19.00,20.00,31.00,1.00
1.00,23.00,0.00,0.00,12.00,11.00,11.00,25.00,32.40,20.57,13717.23,0.22,128.00,0.05,762.07,666.81,54.00,74.00,21.00,16.00,28.00,1.00
10.00,9.00,1.00,3.00,5.00,5.00,1.00,45.00,65.89,15.60,16035.27,0.34,177.00,0.06,890.85,1027.90,78.00,99.00,40.00,16.00,61.00,1.00
4.00,15.00,0.00,8.00,8.00,4.00,5.00,29.00,30.14,22.82,15688.14,0.23,133.00,0.04,871.56,687.60,51.00,82.00,19.00,17.00,43.00,1.00
1.00,17.00,1.00,0.00,9.00,4.00,8.00,24.00,12.37,32.50,13063.03,0.13,93.00,0.03,725.72,401.94,35.00,58.00,7.00,13.00,30.00,1.00
7.00,9.00,0.00,0.00,5.00,3.00,4.00,33.00,44.35,17.28,13248.25,0.26,138.00,0.06,736.01,766.53,61.00,77.00,30.00,17.00,42.00,1.00
6.00,7.00,0.00,4.00,4.00,4.00,1.00,24.00,42.16,16.55,11541.82,0.23,136.00,0.06,641.21,697.58,56.00,80.00,22.00,13.00,38.00,1.00
43.00,1.00,0.00,0.00,1.00,1.00,1.00,60.00,559.62,4.93,13602.70,0.92,425.00,0.20,755.71,2759.04,212.00,213.00,86.00,4.00,105.00,1.00
8.00,19.00,0.00,6.00,10.00,9.00,8.00,46.00,40.53,18.24,13485.60,0.25,138.00,0.05,749.20,739.34,57.00,81.00,25.00,16.00,62.00,1.00
3.00,13.00,0.00,2.00,8.00,1.00,1.00,28.00,11.58,37.29,16102.90,0.14,93.00,0.03,894.61,431.88,29.00,64.00,7.00,18.00,35.00,1.00
9.00,11.00,1.00,1.00,6.00,5.00,1.00,37.00,46.53,17.33,13978.29,0.27,146.00,0.06,776.57,806.44,65.00,81.00,30.00,16.00,50.00,1.00
3.00,17.00,0.00,2.00,9.00,4.00,9.00,17.00,17.57,26.25,12107.75,0.15,94.00,0.04,672.65,461.25,35.00,59.00,12.00,18.00,25.00,1.00
11.00,5.00,0.00,7.00,3.00,3.00,1.00,35.00,108.64,10.29,11493.95,0.37,197.00,0.10,638.55,1117.47,96.00,101.00,42.00,9.00,55.00,1.00
1.00,3.00,0.00,0.00,2.00,2.00,1.00,27.00,30.84,19.79,12079.19,0.20,119.00,0.05,671.07,610.38,47.00,72.00,19.00,16.00,30.00,0.00
14.00,7.00,0.00,0.00,4.00,3.00,4.00,32.00,44.69,18.07,14589.43,0.27,155.00,0.06,810.52,807.47,53.00,102.00,22.00,15.00,48.00,1.00
9.00,17.00,4.00,0.00,9.00,9.00,1.00,22.00,36.24,19.50,13780.28,0.24,147.00,0.05,765.57,706.68,52.00,95.00,16.00,12.00,38.00,1.00
6.00,13.00,0.00,0.00,7.00,7.00,5.00,43.00,33.50,20.95,14705.20,0.23,131.00,0.05,816.96,701.84,44.00,87.00,21.00,20.00,51.00,0.00
5.00,9.00,0.00,0.00,5.00,3.00,4.00,24.00,12.66,30.81,12019.46,0.13,84.00,0.03,667.75,390.08,29.00,55.00,8.00,17.00,31.00,1.00
8.00,39.00,0.00,36.00,20.00,2.00,20.00,53.00,36.42,19.00,13146.00,0.23,136.00,0.05,730.33,691.89,38.00,98.00,17.00,17.00,99.00,0.00
9.00,10.00,6.00,0.00,6.00,6.00,1.00,43.00,52.31,17.16,15395.56,0.30,159.00,0.06,855.31,897.37,61.00,98.00,32.00,18.00,60.00,1.00
6.00,13.00,1.00,0.00,7.00,5.00,3.00,32.00,33.07,18.75,11627.18,0.21,115.00,0.05,645.95,620.12,50.00,65.00,24.00,18.00,41.00,0.00
9.00,13.00,0.00,0.00,7.00,7.00,3.00,21.00,45.99,16.20,12070.13,0.25,140.00,0.06,670.56,745.07,54.00,86.00,25.00,15.00,32.00,1.00
3.00,9.00,0.00,3.00,5.00,3.00,3.00,27.00,16.85,29.29,14452.03,0.16,97.00,0.03,802.89,493.48,41.00,56.00,14.00,20.00,33.00,1.00
4.00,11.00,0.00,1.00,6.00,2.00,6.00,24.00,32.79,21.44,15069.64,0.23,128.00,0.05,837.20,702.96,49.00,79.00,24.00,21.00,32.00,1.00
10.00,1.00,0.00,1.00,1.00,1.00,1.00,38.00,78.09,13.40,14021.41,0.35,204.00,0.07,778.97,1046.36,67.00,137.00,25.00,10.00,51.00,0.00
13.00,11.00,0.00,0.00,10.00,2.00,1.00,58.00,35.85,19.00,12942.93,0.23,128.00,0.05,719.05,681.21,42.00,86.00,21.00,19.00,74.00,0.00
16.00,7.00,0.00,3.00,4.00,4.00,1.00,28.00,46.75,16.19,12247.78,0.25,137.00,0.06,680.43,756.73,46.00,91.00,27.00,19.00,49.00,0.00
3.00,9.00,2.00,1.00,5.00,1.00,3.00,36.00,25.53,24.50,15326.24,0.21,121.00,0.04,851.46,625.56,49.00,72.00,18.00,18.00,47.00,0.00
15.00,1.00,0.00,19.00,1.00,1.00,1.00,27.00,70.45,14.15,14113.40,0.33,196.00,0.07,784.08,997.14,92.00,104.00,26.00,8.00,64.00,1.00
4.00,5.00,0.00,0.00,3.00,1.00,1.00,38.00,78.46,12.88,13018.74,0.34,180.00,0.08,723.26,1010.65,89.00,91.00,38.00,11.00,44.00,1.00
1.00,19.00,0.00,0.00,10.00,9.00,10.00,25.00,32.67,20.57,13824.40,0.22,129.00,0.05,768.02,672.02,54.00,75.00,21.00,16.00,28.00,1.00
9.00,5.00,0.00,1.00,3.00,1.00,1.00,33.00,25.49,22.93,13406.72,0.19,118.00,0.04,744.82,584.60,43.00,75.00,15.00,16.00,45.00,0.00
3.00,15.00,0.00,0.00,8.00,2.00,6.00,18.00,13.16,31.00,12649.91,0.14,89.00,0.03,702.77,408.06,31.00,58.00,8.00,16.00,23.00,1.00
4.00,9.00,0.00,0.00,5.00,2.00,1.00,27.00,27.63,20.70,11840.90,0.19,109.00,0.05,657.83,572.02,46.00,63.00,20.00,18.00,33.00,1.00
3.00,11.00,3.00,0.00,6.00,4.00,3.00,34.00,52.41,15.00,11792.37,0.26,144.00,0.07,655.13,786.16,58.00,86.00,29.00,15.00,42.00,1.00
12.00,1.00,2.00,0.00,1.00,1.00,1.00,62.00,188.12,8.87,14789.29,0.56,274.00,0.11,821.63,1667.96,133.00,141.00,60.00,8.00,78.00,1.00
4.00,13.00,0.00,0.00,7.00,3.00,6.00,21.00,11.16,32.22,11583.59,0.12,74.00,0.03,643.53,359.49,29.00,45.00,9.00,20.00,27.00,1.00
7.00,7.00,0.00,2.00,4.00,2.00,4.00,23.00,29.88,21.55,13878.89,0.21,121.00,0.05,771.05,643.95,39.00,82.00,19.00,21.00,36.00,1.00
10.00,11.00,0.00,17.00,6.00,6.00,5.00,40.00,40.70,18.18,13453.78,0.25,141.00,0.06,747.43,739.96,50.00,91.00,22.00,16.00,69.00,1.00
9.00,1.00,0.00,1.00,1.00,1.00,1.00,51.00,160.61,8.60,11889.23,0.46,233.00,0.12,660.51,1381.86,114.00,119.00,53.00,8.00,63.00,1.00
15.00,15.00,0.00,13.00,8.00,7.00,1.00,62.00,76.77,13.43,13846.63,0.34,176.00,0.07,769.26,1031.00,77.00,99.00,43.00,15.00,92.00,0.00
5.00,15.00,0.00,6.00,8.00,6.00,1.00,42.00,40.86,19.80,16016.87,0.27,152.00,0.05,889.83,808.93,66.00,86.00,25.00,15.00,56.00,1.00
1.00,13.00,0.00,4.00,7.00,4.00,7.00,36.00,45.15,17.43,13714.99,0.26,156.00,0.06,761.94,786.93,61.00,95.00,21.00,12.00,45.00,1.00
2.00,27.00,1.00,0.00,14.00,13.00,14.00,32.00,47.94,17.64,14917.52,0.28,160.00,0.06,828.75,845.66,63.00,97.00,25.00,14.00,37.00,1.00
7.00,5.00,0.00,2.00,3.00,2.00,1.00,19.00,20.24,24.23,11881.56,0.16,102.00,0.04,660.09,490.35,42.00,60.00,13.00,15.00,30.00,1.00
5.00,13.00,0.00,0.00,7.00,3.00,4.00,34.00,36.69,20.66,15664.53,0.25,133.00,0.05,870.25,758.16,61.00,72.00,31.00,21.00,39.00,1.00
4.00,25.00,1.00,2.00,13.00,9.00,12.00,51.00,60.30,14.06,11920.88,0.28,151.00,0.07,662.27,847.82,58.00,93.00,33.00,16.00,60.00,0.00
3.00,5.00,0.00,1.00,3.00,3.00,1.00,32.00,35.54,20.36,14738.99,0.24,140.00,0.05,818.83,723.79,64.00,76.00,22.00,14.00,38.00,1.00
3.00,21.00,0.00,0.00,11.00,4.00,1.00,28.00,26.69,23.40,14613.38,0.21,119.00,0.04,811.85,624.50,52.00,67.00,20.00,18.00,37.00,1.00
8.00,17.00,4.00,13.00,9.00,8.00,6.00,46.00,45.41,16.64,12574.87,0.25,144.00,0.06,698.60,755.70,64.00,80.00,25.00,13.00,73.00,1.00
5.00,23.00,0.00,6.00,12.00,12.00,12.00,35.00,48.26,18.31,16173.75,0.29,166.00,0.05,898.54,883.44,68.00,98.00,26.00,14.00,48.00,1.00
20.00,9.00,0.00,4.00,5.00,5.00,1.00,27.00,48.82,18.00,15816.54,0.29,160.00,0.06,878.70,878.70,54.00,106.00,27.00,18.00,53.00,0.00
7.00,7.00,1.00,0.00,4.00,3.00,1.00,27.00,27.06,24.44,16166.83,0.22,130.00,0.04,898.16,661.37,55.00,75.00,18.00,16.00,37.00,1.00
9.00,21.00,2.00,15.00,11.00,7.00,3.00,35.00,28.31,23.33,15415.76,0.22,125.00,0.04,856.43,660.68,40.00,85.00,18.00,21.00,63.00,0.00
4.00,10.00,0.00,1.00,7.00,4.00,1.00,30.00,24.32,24.89,15071.36,0.20,113.00,0.04,837.30,605.40,43.00,70.00,19.00,22.00,37.00,1.00
1.00,11.00,0.00,0.00,6.00,5.00,6.00,15.00,16.20,27.77,12496.15,0.15,90.00,0.04,694.23,450.00,38.00,52.00,13.00,19.00,18.00,1.00
1.00,21.00,0.00,0.00,11.00,2.00,1.00,19.00,37.60,18.24,12508.38,0.23,128.00,0.05,694.91,685.77,57.00,71.00,25.00,16.00,20.00,0.00
6.00,7.00,4.00,1.00,5.00,4.00,1.00,31.00,45.69,18.28,15270.16,0.28,148.00,0.05,848.34,835.29,65.00,83.00,32.00,18.00,45.00,0.00
18.00,13.00,0.00,6.00,7.00,7.00,4.00,31.00,65.31,14.00,12800.27,0.30,162.00,0.07,711.13,914.30,72.00,90.00,36.00,14.00,58.00,1.00
3.00,13.00,0.00,2.00,7.00,5.00,7.00,37.00,48.83,17.91,15670.39,0.29,152.00,0.06,870.58,874.74,66.00,86.00,35.00,19.00,42.00,1.00
1.00,17.00,0.00,0.00,9.00,5.00,1.00,24.00,30.09,22.67,15459.98,0.23,139.00,0.04,858.89,682.06,68.00,71.00,18.00,12.00,27.00,1.00
5.00,7.00,0.00,5.00,4.00,3.00,1.00,30.00,50.91,15.46,12171.15,0.26,150.00,0.06,676.18,787.19,67.00,83.00,26.00,12.00,42.00,1.00
5.00,19.00,0.00,11.00,10.00,4.00,3.00,29.00,22.98,23.50,12690.00,0.18,108.00,0.04,705.00,540.00,47.00,61.00,16.00,16.00,50.00,1.00
7.00,5.00,0.00,0.00,3.00,2.00,3.00,23.00,60.63,15.63,14801.48,0.32,167.00,0.06,822.30,947.30,75.00,92.00,36.00,15.00,32.00,1.00
2.00,1.00,0.00,0.00,1.00,1.00,1.00,63.00,567.46,5.06,14514.63,0.96,441.00,0.20,806.37,2869.94,220.00,221.00,87.00,4.00,67.00,1.00
3.00,19.00,0.00,2.00,10.00,5.00,10.00,18.00,19.23,27.04,14060.00,0.17,104.00,0.04,781.11,520.00,37.00,67.00,13.00,19.00,26.00,1.00
2.00,19.00,0.00,1.00,10.00,1.00,10.00,16.00,19.53,27.82,15111.70,0.18,113.00,0.04,839.54,543.23,36.00,77.00,11.00,17.00,23.00,1.00
4.00,7.00,0.00,17.00,4.00,4.00,1.00,34.00,56.53,14.69,12198.59,0.28,155.00,0.07,677.70,830.42,71.00,84.00,29.00,12.00,57.00,1.00
6.00,7.00,0.00,0.00,4.00,4.00,1.00,20.00,20.01,27.95,15636.44,0.19,119.00,0.04,868.69,559.35,41.00,78.00,11.00,15.00,28.00,0.00
6.00,5.00,0.00,8.00,3.00,3.00,1.00,25.00,36.64,19.72,14249.09,0.24,134.00,0.05,791.62,722.57,58.00,76.00,25.00,17.00,39.00,0.00
7.00,13.00,0.00,10.00,7.00,4.00,6.00,32.00,45.45,17.42,13788.32,0.26,141.00,0.06,766.02,791.67,55.00,86.00,30.00,19.00,51.00,0.00
5.00,7.00,0.00,9.00,4.00,3.00,1.00,31.00,28.78,21.86,13747.33,0.21,119.00,0.05,763.74,628.96,51.00,68.00,21.00,18.00,45.00,1.00
5.00,11.00,0.00,0.00,6.00,5.00,1.00,26.00,18.38,25.80,12233.66,0.16,94.00,0.04,679.65,474.17,43.00,51.00,15.00,18.00,33.00,1.00
4.00,17.00,0.00,0.00,9.00,1.00,8.00,32.00,19.40,25.97,13078.34,0.17,99.00,0.04,726.57,503.66,41.00,58.00,15.00,19.00,38.00,1.00
0.00,11.00,0.00,0.00,10.00,10.00,1.00,34.00,55.85,16.47,15152.09,0.31,163.00,0.06,841.78,919.95,70.00,93.00,34.00,16.00,36.00,1.00
8.00,7.00,0.00,0.00,4.00,2.00,3.00,33.00,48.00,16.07,12400.95,0.26,144.00,0.06,688.94,771.49,62.00,82.00,27.00,14.00,43.00,1.00
5.00,15.00,0.00,7.00,9.00,2.00,9.00,44.00,36.31,20.90,15860.19,0.25,139.00,0.05,881.12,758.86,55.00,84.00,25.00,19.00,58.00,0.00
5.00,5.00,0.00,3.00,3.00,2.00,1.00,26.00,36.31,20.52,15293.66,0.25,141.00,0.05,849.65,745.24,59.00,82.00,23.00,16.00,36.00,1.00
5.00,3.00,0.00,0.00,2.00,1.00,1.00,18.00,18.09,27.43,13609.37,0.17,127.00,0.04,756.08,496.18,48.00,79.00,7.00,8.00,26.00,0.00
3.00,11.00,0.00,0.00,6.00,5.00,6.00,22.00,27.22,23.18,14625.44,0.21,117.00,0.04,812.52,630.90,51.00,66.00,22.00,20.00,25.00,1.00
4.00,9.00,0.00,0.00,5.00,5.00,1.00,34.00,67.13,13.41,12075.16,0.30,163.00,0.07,670.84,900.34,76.00,87.00,34.00,12.00,40.00,1.00
8.00,5.00,1.00,5.00,2.00,1.00,1.00,32.00,39.81,18.24,13244.14,0.24,133.00,0.05,735.79,726.10,48.00,85.00,25.00,19.00,50.00,1.00
3.00,5.00,0.00,3.00,3.00,3.00,1.00,18.00,21.57,23.43,11841.03,0.17,103.00,0.04,657.83,505.41,41.00,62.00,14.00,16.00,26.00,1.00
4.00,13.00,0.00,2.00,7.00,4.00,1.00,35.00,46.04,17.33,13818.86,0.27,161.00,0.06,767.71,797.63,63.00,98.00,20.00,11.00,43.00,1.00
5.00,11.00,3.00,4.00,7.00,6.00,1.00,37.00,28.97,21.04,12828.01,0.20,111.00,0.05,712.67,609.60,44.00,67.00,23.00,22.00,51.00,1.00
8.00,11.00,0.00,0.00,6.00,4.00,1.00,44.00,48.70,16.96,14002.94,0.28,161.00,0.06,777.94,825.81,65.00,96.00,23.00,12.00,55.00,1.00
2.00,27.00,1.00,1.00,14.00,13.00,14.00,29.00,37.58,19.16,13793.68,0.24,144.00,0.05,766.32,720.00,56.00,88.00,19.00,13.00,35.00,1.00
6.00,5.00,0.00,1.00,3.00,2.00,1.00,44.00,72.25,12.69,11626.55,0.31,165.00,0.08,645.92,916.51,74.00,91.00,35.00,12.00,53.00,1.00
3.00,9.00,0.00,1.00,7.00,7.00,1.00,34.00,41.66,16.71,11627.48,0.23,126.00,0.06,645.97,695.97,57.00,69.00,29.00,17.00,40.00,1.00
11.00,5.00,1.00,5.00,3.00,3.00,1.00,32.00,50.34,16.92,14418.23,0.28,158.00,0.06,801.01,851.99,55.00,103.00,26.00,16.00,53.00,1.00
6.00,7.00,0.00,0.00,4.00,4.00,3.00,23.00,28.15,20.50,11828.05,0.19,107.00,0.05,657.11,576.98,41.00,66.00,21.00,21.00,31.00,0.00
3.00,17.00,0.00,2.00,9.00,3.00,9.00,15.00,13.63,30.00,12267.61,0.14,86.00,0.03,681.53,408.92,30.00,56.00,9.00,18.00,23.00,1.00
3.00,9.00,0.00,5.00,5.00,5.00,4.00,32.00,83.30,13.54,15279.97,0.38,191.00,0.07,848.89,1128.22,89.00,102.00,46.00,14.00,40.00,0.00
1.00,16.00,1.00,1.00,11.00,11.00,1.00,43.00,38.48,20.38,15988.59,0.26,142.00,0.05,888.25,784.35,53.00,89.00,26.00,20.00,48.00,0.00
6.00,9.00,0.00,0.00,5.00,2.00,5.00,24.00,36.50,17.81,11579.99,0.22,123.00,0.06,643.33,650.10,57.00,66.00,24.00,15.00,32.00,1.00
7.00,8.00,0.00,9.00,5.00,3.00,1.00,29.00,29.79,20.45,12463.61,0.20,113.00,0.05,692.42,609.33,45.00,68.00,22.00,20.00,47.00,1.00
2.00,13.00,0.00,1.00,7.00,3.00,4.00,37.00,29.88,22.62,15287.87,0.23,127.00,0.04,849.33,675.88,50.00,77.00,21.00,19.00,42.00,1.00
4.00,1.00,0.00,5.00,1.00,1.00,1.00,16.00,67.20,13.16,11640.91,0.29,163.00,0.08,646.72,884.48,68.00,95.00,31.00,12.00,27.00,1.00
6.00,7.00,0.00,1.00,4.00,4.00,1.00,31.00,36.41,18.39,12316.55,0.22,125.00,0.05,684.25,669.69,47.00,78.00,23.00,18.00,41.00,1.00
1.00,13.00,0.00,0.00,7.00,5.00,5.00,28.00,27.42,22.50,13880.60,0.21,113.00,0.04,771.14,616.92,45.00,68.00,22.00,22.00,31.00,0.00
1.00,10.00,0.00,2.00,6.00,1.00,1.00,22.00,13.10,32.67,13977.12,0.14,99.00,0.03,776.51,427.87,28.00,71.00,6.00,14.00,27.00,1.00
5.00,15.00,0.00,2.00,8.00,4.00,1.00,25.00,53.22,14.79,11646.29,0.26,146.00,0.07,647.02,787.28,66.00,80.00,29.00,13.00,35.00,1.00
7.00,15.00,0.00,5.00,8.00,6.00,5.00,33.00,26.65,21.92,12806.31,0.19,113.00,0.05,711.46,584.20,49.00,64.00,19.00,17.00,47.00,1.00
3.00,5.00,0.00,4.00,3.00,3.00,1.00,31.00,21.08,26.18,14449.08,0.18,122.00,0.04,802.73,551.87,48.00,74.00,11.00,12.00,45.00,1.00
4.00,5.00,0.00,2.00,3.00,3.00,1.00,41.00,27.52,22.50,13933.68,0.21,125.00,0.04,774.09,619.27,48.00,77.00,16.00,15.00,50.00,1.00
2.00,7.00,0.00,0.00,4.00,3.00,1.00,35.00,37.67,19.20,13886.77,0.24,135.00,0.05,771.49,723.27,60.00,75.00,25.00,16.00,39.00,1.00
3.00,15.00,1.00,9.00,8.00,6.00,5.00,19.00,32.90,19.64,12694.01,0.22,125.00,0.05,705.22,646.24,55.00,70.00,21.00,15.00,34.00,1.00
4.00,7.00,1.00,3.00,4.00,4.00,1.00,25.00,36.75,18.64,12767.18,0.23,141.00,0.05,709.29,684.98,61.00,80.00,18.00,11.00,35.00,1.00
3.00,19.00,8.00,2.00,10.00,9.00,5.00,35.00,48.03,17.61,14891.16,0.28,154.00,0.06,827.29,845.75,58.00,96.00,28.00,17.00,50.00,0.00
7.00,11.00,0.00,0.00,6.00,6.00,1.00,49.00,84.07,12.66,13465.69,0.35,178.00,0.08,748.09,1063.96,81.00,97.00,48.00,15.00,56.00,0.00
7.00,15.00,0.00,0.00,8.00,7.00,1.00,29.00,32.39,21.48,14940.47,0.23,129.00,0.05,830.03,695.61,52.00,77.00,23.00,19.00,38.00,1.00
1.00,15.00,0.00,0.00,8.00,5.00,1.00,31.00,30.49,21.44,14010.06,0.22,119.00,0.05,778.34,653.53,49.00,70.00,24.00,21.00,34.00,1.00
2.00,17.00,0.00,4.00,9.00,5.00,8.00,15.00,27.29,21.62,12754.41,0.20,118.00,0.05,708.58,590.00,49.00,69.00,17.00,15.00,23.00,1.00
3.00,27.00,0.00,0.00,14.00,7.00,12.00,36.00,27.19,20.59,11525.79,0.19,113.00,0.05,640.32,559.82,50.00,63.00,17.00,14.00,41.00,1.00
6.00,13.00,0.00,0.00,7.00,5.00,4.00,32.00,27.28,21.26,12333.82,0.19,109.00,0.05,685.21,580.09,47.00,62.00,21.00,19.00,40.00,1.00
21.00,18.00,0.00,0.00,12.00,7.00,1.00,55.00,35.75,20.92,15645.96,0.25,147.00,0.05,869.22,747.86,53.00,94.00,19.00,15.00,78.00,0.00
1.00,9.00,0.00,0.00,5.00,2.00,1.00,17.00,12.80,30.86,12190.34,0.13,93.00,0.03,677.24,395.06,36.00,57.00,7.00,12.00,20.00,1.00
8.00,7.00,0.00,0.00,4.00,4.00,1.00,32.00,57.02,16.75,15996.73,0.32,171.00,0.06,888.71,955.03,67.00,104.00,32.00,16.00,42.00,1.00
4.00,9.00,0.00,0.00,5.00,1.00,4.00,27.00,27.38,22.10,13370.50,0.20,121.00,0.05,742.81,605.00,39.00,82.00,15.00,17.00,33.00,1.00
2.00,13.00,0.00,1.00,7.00,3.00,4.00,37.00,33.02,21.07,14653.15,0.23,129.00,0.05,814.06,695.61,51.00,78.00,23.00,19.00,42.00,1.00
11.00,23.00,0.00,0.00,12.00,11.00,1.00,44.00,53.50,15.32,12559.06,0.27,153.00,0.07,697.73,819.71,66.00,87.00,28.00,13.00,57.00,1.00
4.00,5.00,0.00,4.00,3.00,3.00,1.00,27.00,18.40,25.20,11687.28,0.15,104.00,0.04,649.29,463.78,42.00,62.00,10.00,12.00,42.00,1.00
7.00,17.00,0.00,9.00,9.00,6.00,1.00,33.00,24.07,22.94,12668.16,0.18,106.00,0.04,703.79,552.20,39.00,67.00,17.00,20.00,51.00,1.00
4.00,13.00,0.00,1.00,7.00,5.00,5.00,22.00,19.48,24.60,11788.75,0.16,95.00,0.04,654.93,479.22,41.00,54.00,15.00,18.00,31.00,1.00
5.00,5.00,0.00,0.00,4.00,4.00,1.00,33.00,40.53,19.25,15018.77,0.26,159.00,0.05,834.38,780.20,77.00,82.00,20.00,10.00,40.00,1.00
4.00,13.00,0.00,0.00,7.00,4.00,5.00,16.00,23.82,22.00,11528.19,0.17,103.00,0.05,640.46,524.01,44.00,59.00,17.00,17.00,22.00,1.00
5.00,5.00,0.00,2.00,3.00,1.00,1.00,25.00,11.91,31.57,11871.10,0.13,87.00,0.03,659.51,376.01,34.00,53.00,7.00,13.00,34.00,1.00
6.00,11.00,0.00,0.00,6.00,5.00,6.00,31.00,32.93,20.24,13488.42,0.22,127.00,0.05,749.36,666.49,50.00,77.00,21.00,17.00,39.00,1.00
25.00,13.00,1.00,12.00,7.00,3.00,5.00,34.00,20.08,27.64,15341.79,0.19,111.00,0.04,852.32,555.00,43.00,68.00,14.00,18.00,75.00,1.00
14.00,17.00,9.00,22.00,9.00,2.00,5.00,16.00,21.17,24.57,12780.35,0.17,106.00,0.04,710.02,520.13,43.00,63.00,14.00,16.00,63.00,0.00
12.00,1.00,0.00,1.00,1.00,1.00,1.00,33.00,168.98,9.14,14115.60,0.51,245.00,0.11,784.20,1544.43,113.00,132.00,68.00,11.00,48.00,1.00
3.00,31.00,0.00,2.00,16.00,15.00,1.00,67.00,100.54,10.94,12035.65,0.37,204.00,0.09,668.65,1100.03,93.00,111.00,34.00,8.00,74.00,0.00
3.00,23.00,0.00,0.00,12.00,8.00,12.00,28.00,23.61,26.18,16183.91,0.21,130.00,0.04,899.11,618.14,36.00,94.00,11.00,16.00,35.00,1.00
3.00,15.00,0.00,17.00,8.00,5.00,4.00,38.00,28.79,22.89,15081.63,0.22,123.00,0.04,837.87,658.98,53.00,70.00,22.00,19.00,60.00,1.00
3.00,13.00,0.00,0.00,7.00,4.00,1.00,21.00,17.20,27.04,12572.88,0.16,93.00,0.04,698.49,465.00,37.00,56.00,13.00,19.00,26.00,1.00
6.00,13.00,0.00,0.00,7.00,4.00,6.00,13.00,21.33,23.75,12033.00,0.17,98.00,0.04,668.50,506.65,38.00,60.00,16.00,20.00,22.00,1.00
5.00,19.00,0.00,4.00,10.00,6.00,8.00,25.00,27.20,23.00,14386.70,0.21,116.00,0.04,799.26,625.51,46.00,70.00,21.00,21.00,36.00,0.00
1.00,5.00,3.00,0.00,3.00,2.00,1.00,21.00,17.76,28.88,14808.10,0.17,115.00,0.03,822.67,512.83,33.00,82.00,8.00,14.00,28.00,1.00
4.00,17.00,0.00,3.00,9.00,4.00,9.00,17.00,17.76,26.25,12236.56,0.16,95.00,0.04,679.81,466.15,35.00,60.00,12.00,18.00,27.00,1.00
3.00,13.00,0.00,0.00,7.00,7.00,1.00,20.00,22.10,25.50,14369.81,0.19,109.00,0.04,798.32,563.52,51.00,58.00,18.00,18.00,25.00,1.00
6.00,9.00,0.00,5.00,5.00,1.00,1.00,27.00,19.98,26.73,14273.53,0.18,115.00,0.04,792.97,534.04,42.00,73.00,11.00,14.00,44.00,1.00
4.00,9.00,0.00,0.00,5.00,5.00,1.00,41.00,35.03,21.35,15966.75,0.25,147.00,0.05,887.04,747.86,61.00,86.00,20.00,14.00,47.00,1.00
8.00,15.00,0.00,2.00,8.00,4.00,7.00,28.00,26.40,22.69,13595.95,0.20,115.00,0.04,755.33,599.09,43.00,72.00,18.00,19.00,40.00,1.00
0.00,13.00,0.00,0.00,7.00,3.00,4.00,12.00,32.35,19.50,12301.49,0.21,124.00,0.05,683.42,630.85,39.00,85.00,17.00,17.00,14.00,1.00
7.00,15.00,1.00,3.00,8.00,1.00,5.00,22.00,15.48,27.62,11809.75,0.14,88.00,0.04,656.10,427.50,39.00,49.00,12.00,17.00,38.00,1.00
1.00,21.00,0.00,0.00,11.00,11.00,11.00,20.00,30.10,21.47,13878.22,0.22,126.00,0.05,771.01,646.29,51.00,75.00,19.00,16.00,23.00,1.00
16.00,13.00,7.00,18.00,7.00,6.00,1.00,35.00,51.44,15.00,11575.03,0.26,146.00,0.07,643.06,771.67,60.00,86.00,26.00,13.00,79.00,0.00
6.00,15.00,0.00,5.00,8.00,8.00,6.00,31.00,24.30,24.50,14583.21,0.20,117.00,0.04,810.18,595.23,49.00,68.00,17.00,17.00,45.00,0.00
0.00,5.00,0.00,0.00,3.00,3.00,1.00,21.00,26.50,22.67,13616.95,0.20,139.00,0.04,756.50,600.75,68.00,71.00,12.00,8.00,23.00,1.00
6.00,13.00,0.00,0.00,7.00,4.00,3.00,38.00,35.33,20.17,14369.55,0.24,129.00,0.05,798.31,712.54,44.00,85.00,24.00,22.00,46.00,1.00
1.00,11.00,1.00,0.00,6.00,4.00,1.00,20.00,25.74,21.18,11541.18,0.18,109.00,0.05,641.18,545.00,48.00,61.00,17.00,15.00,24.00,1.00
4.00,27.00,1.00,0.00,14.00,2.00,9.00,42.00,29.65,22.29,14723.62,0.22,125.00,0.04,817.98,660.68,52.00,73.00,21.00,18.00,51.00,1.00
7.00,5.00,0.00,0.00,3.00,2.00,1.00,22.00,44.34,18.35,14923.78,0.27,149.00,0.05,829.10,813.46,53.00,96.00,26.00,18.00,31.00,1.00
11.00,7.00,0.00,3.00,4.00,3.00,1.00,34.00,43.00,17.72,13500.28,0.25,135.00,0.06,750.02,761.92,63.00,72.00,32.00,18.00,50.00,1.00
3.00,7.00,0.00,1.00,4.00,3.00,4.00,22.00,15.90,27.20,11762.38,0.14,92.00,0.04,653.47,432.44,34.00,58.00,10.00,16.00,28.00,1.00
3.00,19.00,1.00,3.00,10.00,2.00,1.00,22.00,29.99,19.98,11966.77,0.20,115.00,0.05,664.82,599.09,47.00,68.00,20.00,17.00,31.00,1.00
2.00,13.00,0.00,0.00,7.00,1.00,1.00,22.00,41.74,16.92,11954.35,0.24,131.00,0.06,664.13,706.39,55.00,76.00,26.00,16.00,26.00,1.00
1.00,7.00,0.00,0.00,4.00,4.00,1.00,35.00,45.10,17.78,14247.85,0.27,165.00,0.06,791.55,801.57,79.00,86.00,20.00,9.00,38.00,1.00
2.00,11.00,0.00,0.00,6.00,5.00,1.00,35.00,36.48,20.89,15925.61,0.25,138.00,0.05,884.76,762.25,65.00,73.00,28.00,18.00,39.00,0.00
2.00,19.00,0.00,1.00,10.00,5.00,8.00,43.00,41.05,19.84,16156.66,0.27,152.00,0.05,897.59,814.35,62.00,90.00,25.00,16.00,48.00,1.00
8.00,8.00,0.00,1.00,6.00,5.00,1.00,34.00,39.94,19.64,15409.74,0.26,139.00,0.05,856.10,784.50,50.00,89.00,28.00,22.00,45.00,0.00
7.00,6.00,0.00,1.00,4.00,4.00,1.00,27.00,43.45,17.04,12609.11,0.25,134.00,0.06,700.51,740.16,53.00,81.00,28.00,18.00,37.00,1.00
12.00,1.00,9.00,4.00,1.00,1.00,1.00,30.00,109.66,11.06,13423.09,0.40,208.00,0.09,745.73,1213.24,104.00,104.00,47.00,10.00,57.00,1.00
4.00,11.00,0.00,6.00,6.00,2.00,4.00,24.00,26.70,23.00,14122.17,0.20,117.00,0.04,784.57,614.01,46.00,71.00,19.00,19.00,37.00,0.00
5.00,21.00,0.00,1.00,11.00,2.00,11.00,35.00,22.20,23.75,12524.14,0.18,102.00,0.04,695.79,527.33,38.00,64.00,16.00,20.00,43.00,1.00
7.00,13.00,0.00,6.00,7.00,4.00,1.00,39.00,83.05,12.00,11959.90,0.33,174.00,0.08,664.44,996.66,82.00,92.00,41.00,12.00,54.00,1.00
11.00,7.00,0.00,0.00,4.00,3.00,1.00,30.00,39.66,17.86,12647.85,0.24,137.00,0.06,702.66,708.28,50.00,87.00,21.00,15.00,43.00,0.00
8.00,4.00,0.00,0.00,3.00,3.00,1.00,23.00,27.43,20.59,11627.79,0.19,114.00,0.05,645.99,564.78,50.00,64.00,17.00,14.00,33.00,1.00
4.00,13.00,0.00,0.00,7.00,2.00,6.00,35.00,26.28,21.50,12147.50,0.19,113.00,0.05,674.86,565.00,43.00,70.00,16.00,16.00,42.00,1.00
3.00,37.00,0.00,5.00,19.00,10.00,19.00,23.00,26.72,21.23,12044.99,0.19,118.00,0.05,669.17,567.27,49.00,69.00,15.00,13.00,36.00,1.00
8.00,23.00,2.00,6.00,12.00,9.00,6.00,63.00,86.26,13.59,15934.13,0.39,201.00,0.07,885.23,1172.41,92.00,109.00,44.00,13.00,81.00,0.00
6.00,1.00,0.00,0.00,1.00,1.00,1.00,19.00,25.32,22.40,12703.26,0.19,136.00,0.04,705.74,567.11,56.00,80.00,10.00,8.00,27.00,1.00
16.00,7.00,0.00,1.00,4.00,4.00,1.00,29.00,40.10,17.35,12067.30,0.23,129.00,0.06,670.41,695.61,42.00,87.00,23.00,19.00,48.00,0.00
7.00,5.00,0.00,0.00,3.00,1.00,1.00,26.00,36.65,17.74,11532.29,0.22,123.00,0.06,640.68,650.10,51.00,72.00,23.00,16.00,36.00,1.00
8.00,11.00,0.00,6.00,6.00,2.00,3.00,21.00,18.35,27.00,13376.33,0.17,100.00,0.04,743.13,495.42,39.00,61.00,13.00,18.00,38.00,1.00
11.00,1.00,0.00,1.00,1.00,1.00,1.00,28.00,91.40,11.50,12088.01,0.35,181.00,0.09,671.56,1051.13,69.00,112.00,42.00,14.00,43.00,1.00
7.00,15.00,0.00,0.00,8.00,3.00,4.00,25.00,15.99,31.17,15528.69,0.17,106.00,0.03,862.70,498.25,33.00,73.00,9.00,17.00,34.00,1.00
6.00,11.00,0.00,0.00,6.00,6.00,1.00,43.00,45.57,18.08,14898.51,0.27,146.00,0.06,827.69,824.00,59.00,87.00,31.00,19.00,53.00,1.00
9.00,12.00,1.00,2.00,7.00,6.00,1.00,40.00,32.50,20.87,14155.47,0.23,125.00,0.05,786.42,678.28,48.00,77.00,23.00,20.00,54.00,1.00
4.00,11.00,0.00,13.00,6.00,6.00,5.00,32.00,25.31,24.23,14852.51,0.20,116.00,0.04,825.14,613.11,51.00,65.00,20.00,19.00,51.00,1.00
11.00,15.00,0.00,0.00,8.00,7.00,1.00,46.00,40.37,19.24,14942.90,0.26,148.00,0.05,830.16,776.69,59.00,89.00,23.00,15.00,59.00,1.00
8.00,5.00,0.00,0.00,3.00,2.00,3.00,29.00,46.39,16.39,12460.75,0.25,141.00,0.06,692.26,760.32,59.00,82.00,27.00,15.00,37.00,1.00
15.00,3.00,0.00,10.00,2.00,2.00,1.00,38.00,82.09,11.97,11757.95,0.33,165.00,0.08,653.22,982.44,75.00,90.00,47.00,15.00,65.00,1.00
10.00,1.00,0.00,0.00,1.00,1.00,1.00,31.00,88.48,12.91,14754.70,0.38,221.00,0.08,819.71,1142.55,107.00,114.00,29.00,7.00,43.00,1.00
5.00,9.00,0.00,0.00,5.00,4.00,1.00,30.00,42.86,18.75,15068.12,0.27,150.00,0.05,837.12,803.63,65.00,85.00,26.00,15.00,37.00,1.00
6.00,13.00,0.00,5.00,7.00,3.00,6.00,31.00,32.65,21.77,15475.59,0.24,131.00,0.05,859.76,710.84,55.00,76.00,24.00,19.00,47.00,1.00
2.00,19.00,0.00,0.00,10.00,9.00,9.00,34.00,29.93,22.75,15492.52,0.23,124.00,0.04,860.70,680.99,52.00,72.00,24.00,21.00,40.00,1.00
2.00,9.00,0.00,4.00,8.00,4.00,1.00,43.00,35.01,20.74,15053.82,0.24,121.00,0.05,836.32,726.00,47.00,74.00,34.00,30.00,53.00,1.00
1.00,21.00,0.00,0.00,11.00,7.00,6.00,15.00,41.78,17.82,13265.09,0.25,144.00,0.06,736.95,744.47,56.00,88.00,22.00,14.00,18.00,1.00
1.00,15.00,0.00,0.00,8.00,7.00,8.00,47.00,44.27,19.09,16135.47,0.28,149.00,0.05,896.42,845.19,70.00,79.00,33.00,18.00,52.00,1.00
6.00,9.00,0.00,7.00,5.00,3.00,1.00,21.00,32.58,20.56,13777.00,0.22,122.00,0.05,765.39,670.01,47.00,75.00,24.00,21.00,36.00,1.00
4.00,15.00,1.00,4.00,8.00,6.00,1.00,39.00,32.74,21.08,14549.77,0.23,128.00,0.05,808.32,690.22,62.00,66.00,25.00,17.00,52.00,1.00
7.00,13.00,0.00,0.00,7.00,4.00,1.00,33.00,31.01,19.90,12288.08,0.21,116.00,0.05,682.67,617.34,44.00,72.00,21.00,19.00,42.00,0.00
7.00,15.00,0.00,0.00,8.00,6.00,6.00,36.00,37.60,20.67,16058.03,0.26,146.00,0.05,892.11,777.00,62.00,84.00,24.00,16.00,45.00,1.00
5.00,11.00,0.00,1.00,6.00,3.00,1.00,24.00,34.56,20.95,15171.91,0.24,139.00,0.05,842.88,724.11,55.00,84.00,21.00,16.00,32.00,1.00
2.00,9.00,0.00,0.00,5.00,2.00,5.00,27.00,24.38,23.74,13734.51,0.19,108.00,0.04,763.03,578.62,41.00,67.00,19.00,22.00,29.00,1.00
5.00,9.00,0.00,1.00,5.00,5.00,1.00,37.00,44.77,17.77,14144.41,0.27,141.00,0.06,785.80,795.78,58.00,83.00,31.00,19.00,46.00,1.00
2.00,9.00,0.00,0.00,5.00,4.00,1.00,29.00,29.55,20.31,12185.89,0.20,117.00,0.05,676.99,600.13,43.00,74.00,18.00,17.00,34.00,1.00
3.00,7.00,0.00,0.00,4.00,3.00,1.00,35.00,37.67,17.92,12096.92,0.23,126.00,0.06,672.05,675.05,56.00,70.00,25.00,16.00,40.00,1.00
4.00,7.00,0.00,0.00,4.00,3.00,4.00,25.00,21.25,26.21,14593.06,0.19,102.00,0.04,810.73,556.86,33.00,69.00,17.00,27.00,31.00,1.00
3.00,15.00,0.00,0.00,8.00,4.00,7.00,12.00,20.50,24.07,11876.51,0.16,97.00,0.04,659.81,493.48,38.00,59.00,15.00,19.00,17.00,1.00
5.00,11.00,0.00,2.00,6.00,6.00,1.00,49.00,46.37,18.37,15650.15,0.28,157.00,0.05,869.45,851.92,62.00,95.00,27.00,16.00,59.00,1.00
6.00,13.00,0.00,0.00,7.00,7.00,1.00,44.00,73.36,13.26,12890.28,0.32,166.00,0.08,716.13,972.42,76.00,90.00,43.00,15.00,52.00,0.00
7.00,11.00,0.00,4.00,6.00,5.00,3.00,29.00,41.25,18.58,14236.57,0.26,144.00,0.05,790.92,766.36,69.00,75.00,26.00,14.00,42.00,1.00
8.00,7.00,0.00,18.00,4.00,3.00,1.00,22.00,26.08,21.16,11676.18,0.18,103.00,0.05,648.68,551.83,49.00,54.00,22.00,19.00,50.00,0.00
2.00,15.00,0.00,6.00,8.00,3.00,8.00,19.00,27.86,20.63,11852.91,0.19,116.00,0.05,658.50,574.69,44.00,72.00,16.00,15.00,29.00,1.00
14.00,7.00,0.00,0.00,6.00,2.00,1.00,34.00,39.75,18.21,13186.34,0.24,127.00,0.05,732.57,723.96,75.00,52.00,35.00,17.00,51.00,1.00
10.00,7.00,0.00,6.00,4.00,4.00,1.00,71.00,184.32,8.07,12004.59,0.50,247.00,0.12,666.92,1487.52,115.00,132.00,57.00,8.00,89.00,1.00
8.00,14.00,4.00,7.00,8.00,7.00,6.00,55.00,39.38,20.00,15750.50,0.26,149.00,0.05,875.03,787.52,64.00,85.00,24.00,15.00,76.00,0.00
6.00,11.00,0.00,1.00,6.00,4.00,1.00,32.00,63.84,13.53,11680.72,0.29,153.00,0.07,648.93,863.51,77.00,76.00,37.00,13.00,41.00,0.00
4.00,5.00,0.00,0.00,3.00,2.00,1.00,15.00,26.83,22.35,13405.31,0.20,116.00,0.04,744.74,599.71,40.00,76.00,17.00,19.00,21.00,0.00
3.00,7.00,0.00,0.00,4.00,4.00,1.00,35.00,44.29,16.30,11760.93,0.24,133.00,0.06,653.38,721.69,55.00,78.00,27.00,16.00,41.00,1.00
11.00,5.00,0.00,0.00,3.00,2.00,1.00,27.00,22.69,22.67,11659.44,0.17,107.00,0.04,647.75,514.39,34.00,73.00,12.00,16.00,41.00,1.00
1.00,23.00,0.00,1.00,12.00,11.00,12.00,27.00,44.30,16.77,12464.70,0.25,131.00,0.06,692.48,743.09,52.00,79.00,31.00,20.00,31.00,0.00
6.00,11.00,0.00,0.00,6.00,5.00,4.00,28.00,30.57,21.25,13805.54,0.22,119.00,0.05,766.97,649.67,51.00,68.00,24.00,20.00,36.00,1.00
4.00,7.00,0.00,0.00,4.00,2.00,1.00,20.00,26.48,23.82,15030.31,0.21,123.00,0.04,835.02,630.90,45.00,78.00,17.00,18.00,26.00,1.00
8.00,11.00,0.00,0.00,6.00,5.00,4.00,29.00,30.46,19.83,11973.76,0.20,112.00,0.05,665.21,603.94,48.00,64.00,23.00,19.00,39.00,1.00
5.00,17.00,2.00,1.00,9.00,2.00,8.00,19.00,26.07,21.25,11771.70,0.18,108.00,0.05,653.98,553.96,45.00,63.00,18.00,17.00,29.00,1.00
12.00,13.00,2.00,1.00,7.00,6.00,3.00,33.00,53.49,17.00,15457.63,0.30,158.00,0.06,858.76,909.27,74.00,84.00,37.00,17.00,50.00,1.00
9.00,9.00,0.00,6.00,5.00,5.00,3.00,44.00,55.33,16.25,14611.66,0.30,161.00,0.06,811.76,899.18,65.00,96.00,32.00,16.00,61.00,1.00
6.00,7.00,0.00,0.00,4.00,4.00,1.00,32.00,45.36,16.32,12102.03,0.25,151.00,0.06,672.33,740.94,49.00,102.00,18.00,12.00,40.00,1.00
1.00,15.00,0.00,0.00,8.00,4.00,8.00,25.00,11.19,33.75,12748.70,0.13,86.00,0.03,708.26,377.74,27.00,59.00,6.00,15.00,29.00,1.00
11.00,9.00,0.00,10.00,5.00,4.00,1.00,31.00,40.49,19.00,14615.09,0.26,137.00,0.05,811.95,769.22,60.00,77.00,30.00,19.00,56.00,1.00
7.00,15.00,0.00,0.00,8.00,3.00,1.00,29.00,32.80,20.53,13824.90,0.22,145.00,0.05,768.05,673.36,73.00,72.00,16.00,9.00,38.00,0.00
4.00,22.00,0.00,3.00,13.00,5.00,1.00,51.00,32.52,20.63,13841.82,0.22,133.00,0.05,768.99,670.90,56.00,77.00,19.00,14.00,60.00,1.00
3.00,5.00,0.00,0.00,3.00,2.00,1.00,18.00,33.40,19.80,13092.53,0.22,126.00,0.05,727.36,661.24,44.00,82.00,20.00,18.00,23.00,1.00
10.00,8.00,2.00,2.00,6.00,6.00,1.00,38.00,34.74,18.81,12294.54,0.22,119.00,0.05,683.03,653.53,43.00,76.00,24.00,21.00,54.00,0.00
6.00,15.00,0.00,1.00,8.00,5.00,3.00,30.00,30.94,20.87,13476.01,0.22,119.00,0.05,748.67,645.73,48.00,71.00,23.00,20.00,39.00,0.00
2.00,11.00,0.00,1.00,6.00,5.00,3.00,21.00,14.63,31.17,14210.21,0.15,97.00,0.03,789.46,455.94,33.00,64.00,9.00,17.00,26.00,1.00
13.00,12.00,0.00,0.00,11.00,11.00,1.00,49.00,39.51,19.76,15426.61,0.26,143.00,0.05,857.03,780.70,52.00,91.00,25.00,19.00,64.00,0.00
3.00,10.00,0.00,4.00,6.00,4.00,1.00,36.00,29.41,20.45,12296.59,0.20,113.00,0.05,683.14,601.38,37.00,76.00,19.00,21.00,46.00,1.00
7.00,7.00,0.00,2.00,4.00,4.00,1.00,33.00,49.34,16.77,13882.89,0.28,149.00,0.06,771.27,827.63,65.00,84.00,31.00,16.00,44.00,1.00
10.00,15.00,0.00,1.00,8.00,8.00,8.00,45.00,33.73,20.63,14346.93,0.23,129.00,0.05,797.05,695.61,55.00,74.00,24.00,18.00,58.00,1.00
4.00,7.00,3.00,1.00,4.00,2.00,3.00,19.00,22.68,26.00,15330.08,0.20,108.00,0.04,851.67,589.62,36.00,72.00,18.00,26.00,30.00,0.00
9.00,11.00,0.00,7.00,6.00,2.00,5.00,34.00,24.87,25.20,15796.21,0.21,117.00,0.04,877.57,626.83,48.00,69.00,20.00,21.00,52.00,0.00
5.00,9.00,0.00,0.00,5.00,5.00,4.00,30.00,28.20,22.19,13888.67,0.21,122.00,0.05,771.59,625.77,47.00,75.00,18.00,17.00,37.00,1.00
10.00,7.00,0.00,11.00,4.00,3.00,1.00,31.00,53.47,16.34,14274.47,0.29,161.00,0.06,793.03,873.63,61.00,100.00,28.00,15.00,54.00,1.00
7.00,7.00,0.00,0.00,4.00,4.00,1.00,39.00,38.87,19.38,14604.40,0.25,138.00,0.05,811.36,753.40,56.00,82.00,26.00,18.00,48.00,0.00
6.00,33.00,1.00,20.00,17.00,16.00,16.00,26.00,40.31,18.75,14171.48,0.25,143.00,0.05,787.30,755.81,60.00,83.00,24.00,15.00,55.00,1.00
7.00,11.00,0.00,20.00,6.00,5.00,1.00,44.00,91.46,13.10,15703.49,0.40,193.00,0.08,872.42,1198.42,95.00,98.00,58.00,16.00,71.00,0.00
1.00,13.00,0.00,0.00,7.00,7.00,7.00,21.00,31.43,21.05,13930.05,0.22,129.00,0.05,773.89,661.68,50.00,79.00,19.00,16.00,24.00,1.00
3.00,13.00,0.00,0.00,7.00,6.00,5.00,42.00,75.60,13.33,13440.00,0.34,168.00,0.08,746.67,1008.00,80.00,88.00,48.00,16.00,45.00,0.00
11.00,15.00,0.00,8.00,11.00,5.00,1.00,40.00,32.07,20.83,13919.80,0.22,119.00,0.05,773.32,668.15,40.00,79.00,24.00,25.00,62.00,1.00
8.00,15.00,0.00,1.00,8.00,7.00,5.00,41.00,33.10,21.28,14986.79,0.23,129.00,0.05,832.60,704.27,56.00,73.00,25.00,19.00,52.00,0.00
4.00,9.00,0.00,3.00,5.00,3.00,1.00,36.00,50.45,17.82,16025.69,0.30,161.00,0.06,890.32,899.18,65.00,96.00,31.00,17.00,46.00,1.00
2.00,23.00,0.00,0.00,12.00,12.00,12.00,36.00,46.63,17.29,13945.85,0.27,146.00,0.06,774.77,806.44,59.00,87.00,29.00,17.00,40.00,1.00
7.00,33.00,1.00,20.00,17.00,16.00,16.00,25.00,40.03,18.75,14072.38,0.25,142.00,0.05,781.80,750.53,60.00,82.00,24.00,15.00,55.00,1.00
5.00,13.00,0.00,0.00,7.00,3.00,1.00,27.00,25.76,22.50,13041.92,0.19,117.00,0.04,724.55,579.64,48.00,69.00,16.00,15.00,34.00,1.00
1.00,11.00,0.00,3.00,6.00,6.00,6.00,13.00,9.87,37.64,13979.88,0.12,81.00,0.03,776.66,371.38,31.00,50.00,7.00,17.00,19.00,1.00
17.00,29.00,0.00,0.00,15.00,14.00,1.00,63.00,87.27,11.86,12282.72,0.35,192.00,0.08,682.37,1035.31,87.00,105.00,33.00,9.00,82.00,0.00
4.00,7.00,0.00,0.00,4.00,2.00,3.00,23.00,20.77,27.38,15572.12,0.19,110.00,0.04,865.12,568.69,49.00,61.00,17.00,19.00,27.00,1.00
8.00,9.00,0.00,1.00,5.00,3.00,4.00,34.00,37.88,18.27,12641.82,0.23,126.00,0.05,702.32,691.97,50.00,76.00,26.00,19.00,45.00,1.00
3.00,7.00,0.00,7.00,4.00,4.00,1.00,30.00,23.36,25.00,14598.00,0.19,119.00,0.04,811.00,583.92,50.00,69.00,15.00,15.00,42.00,0.00
1.00,3.00,0.00,0.00,2.00,2.00,1.00,28.00,31.05,21.47,14318.80,0.22,130.00,0.05,795.49,666.81,51.00,79.00,19.00,16.00,31.00,0.00
3.00,35.00,3.00,7.00,18.00,3.00,16.00,43.00,35.97,20.24,14733.34,0.24,135.00,0.05,818.52,727.96,49.00,86.00,23.00,19.00,58.00,0.00
1.00,17.00,0.00,0.00,9.00,4.00,1.00,31.00,18.77,27.69,14394.57,0.17,107.00,0.04,799.70,519.79,45.00,62.00,13.00,16.00,34.00,0.00
7.00,17.00,0.00,7.00,9.00,2.00,7.00,31.00,25.32,23.29,13740.44,0.20,115.00,0.04,763.36,589.87,44.00,71.00,17.00,18.00,49.00,1.00
3.00,15.00,0.00,1.00,8.00,8.00,1.00,39.00,48.26,15.44,11500.19,0.25,143.00,0.06,638.90,744.95,57.00,86.00,24.00,13.00,45.00,0.00
22.00,9.00,0.00,0.00,5.00,5.00,4.00,57.00,103.45,12.52,16205.79,0.43,206.00,0.08,900.32,1294.79,97.00,109.00,62.00,16.00,81.00,1.00
4.00,9.00,0.00,5.00,5.00,5.00,1.00,23.00,28.64,20.58,12128.64,0.20,114.00,0.05,673.81,589.37,46.00,68.00,19.00,17.00,34.00,1.00
3.00,9.00,0.00,1.00,5.00,5.00,1.00,28.00,36.01,18.93,12908.03,0.23,129.00,0.05,717.11,681.82,49.00,80.00,22.00,17.00,34.00,1.00
8.00,9.00,0.00,1.00,5.00,3.00,1.00,41.00,35.25,19.50,13402.82,0.23,134.00,0.05,744.60,687.32,52.00,82.00,20.00,15.00,52.00,1.00
2.00,17.00,0.00,1.00,9.00,2.00,6.00,20.00,14.36,28.80,11906.86,0.14,86.00,0.03,661.49,413.43,32.00,54.00,10.00,18.00,25.00,1.00
8.00,15.00,0.00,5.00,8.00,7.00,4.00,46.00,41.47,19.33,15501.67,0.27,146.00,0.05,861.20,801.81,58.00,88.00,27.00,18.00,61.00,0.00
32.00,11.00,1.00,7.00,6.00,5.00,1.00,28.00,35.42,20.14,14372.52,0.24,135.00,0.05,798.47,713.53,47.00,88.00,21.00,18.00,70.00,0.00
7.00,29.00,0.00,10.00,15.00,5.00,5.00,37.00,34.48,19.02,12479.45,0.22,125.00,0.05,693.30,655.99,47.00,78.00,21.00,17.00,56.00,1.00
10.00,21.00,0.00,8.00,11.00,8.00,6.00,42.00,32.65,20.35,13517.80,0.22,124.00,0.05,750.99,664.34,52.00,72.00,23.00,18.00,62.00,1.00
9.00,15.00,0.00,6.00,8.00,5.00,8.00,45.00,50.87,17.03,14758.72,0.29,156.00,0.06,819.93,866.52,66.00,90.00,31.00,16.00,63.00,1.00
6.00,19.00,5.00,0.00,10.00,10.00,10.00,35.00,45.86,17.14,13477.00,0.26,144.00,0.06,748.72,786.16,60.00,84.00,28.00,16.00,48.00,1.00
3.00,11.00,0.00,0.00,6.00,2.00,4.00,24.00,26.88,20.83,11665.16,0.19,111.00,0.05,648.06,559.93,50.00,61.00,18.00,15.00,29.00,1.00
1.00,13.00,0.00,0.00,7.00,5.00,1.00,30.00,31.88,19.23,11790.68,0.20,111.00,0.05,655.04,613.12,50.00,61.00,26.00,20.00,33.00,0.00
8.00,11.00,0.00,2.00,6.00,3.00,3.00,33.00,35.54,19.74,13847.46,0.23,127.00,0.05,769.30,701.49,47.00,80.00,25.00,21.00,46.00,1.00
3.00,21.00,0.00,6.00,11.00,11.00,9.00,35.00,25.22,23.68,14145.41,0.20,113.00,0.04,785.86,597.25,45.00,68.00,19.00,20.00,46.00,1.00
5.00,13.00,0.00,2.00,7.00,5.00,1.00,49.00,67.78,15.47,16230.05,0.35,184.00,0.06,901.67,1048.88,84.00,100.00,38.00,14.00,58.00,1.00
7.00,17.00,0.00,1.00,9.00,7.00,1.00,34.00,28.94,21.00,12762.57,0.20,112.00,0.05,709.03,607.74,44.00,68.00,22.00,21.00,44.00,1.00
5.00,13.00,0.00,0.00,7.00,5.00,4.00,30.00,30.46,21.07,13517.25,0.21,119.00,0.05,750.96,641.69,51.00,68.00,23.00,19.00,37.00,1.00
4.00,13.00,0.00,0.00,7.00,6.00,3.00,23.00,26.12,22.50,13224.78,0.20,112.00,0.04,734.71,587.77,50.00,62.00,20.00,18.00,29.00,1.00
3.00,5.00,1.00,7.00,3.00,2.00,1.00,31.00,22.59,23.16,12115.05,0.17,102.00,0.04,673.06,523.19,39.00,63.00,16.00,19.00,44.00,0.00
7.00,3.00,0.00,1.00,2.00,2.00,1.00,34.00,49.46,15.69,12174.48,0.26,143.00,0.06,676.36,775.96,65.00,78.00,29.00,14.00,44.00,1.00
3.00,13.00,0.00,10.00,7.00,7.00,1.00,28.00,24.21,25.78,16093.40,0.21,126.00,0.04,894.08,624.23,55.00,71.00,16.00,15.00,43.00,1.00
5.00,9.00,0.00,1.00,5.00,4.00,3.00,27.00,39.29,17.29,11748.90,0.23,123.00,0.06,652.72,679.40,59.00,64.00,29.00,17.00,35.00,1.00
10.00,1.00,0.00,3.00,1.00,1.00,1.00,40.00,178.20,8.14,11806.16,0.48,257.00,0.12,655.90,1450.47,100.00,157.00,43.00,7.00,55.00,1.00
4.00,9.00,0.00,2.00,5.00,5.00,1.00,34.00,48.92,15.34,11511.96,0.25,143.00,0.07,639.55,750.45,59.00,84.00,25.00,13.00,44.00,1.00
4.00,9.00,1.00,5.00,5.00,2.00,1.00,17.00,21.52,24.89,13337.48,0.18,100.00,0.04,740.97,535.76,43.00,57.00,19.00,22.00,29.00,0.00
4.00,19.00,0.00,0.00,10.00,4.00,3.00,28.00,34.49,18.90,12318.65,0.22,118.00,0.05,684.37,651.78,45.00,73.00,25.00,21.00,34.00,1.00
5.00,9.00,0.00,2.00,5.00,5.00,1.00,33.00,48.76,16.56,13371.62,0.27,155.00,0.06,742.87,807.47,69.00,86.00,25.00,12.00,42.00,0.00
13.00,7.00,0.00,0.00,4.00,3.00,1.00,46.00,39.32,18.00,12740.70,0.24,133.00,0.06,707.82,707.82,54.00,79.00,24.00,16.00,61.00,1.00
4.00,19.00,0.00,2.00,10.00,2.00,9.00,18.00,10.65,34.88,12950.30,0.12,79.00,0.03,719.46,371.33,31.00,48.00,8.00,18.00,26.00,1.00
9.00,15.00,0.00,14.00,8.00,5.00,8.00,48.00,50.87,17.03,14758.72,0.29,156.00,0.06,819.93,866.52,66.00,90.00,31.00,16.00,74.00,1.00
10.00,13.00,0.00,0.00,7.00,7.00,1.00,26.00,36.67,18.75,12893.40,0.23,132.00,0.05,716.30,687.65,55.00,77.00,22.00,15.00,38.00,1.00
5.00,17.00,2.00,0.00,9.00,5.00,7.00,26.00,19.26,27.87,14952.52,0.18,103.00,0.04,830.70,536.57,38.00,65.00,15.00,22.00,37.00,1.00
3.00,22.00,0.00,5.00,13.00,1.00,4.00,40.00,21.82,23.33,11877.81,0.17,97.00,0.04,659.88,509.05,42.00,55.00,18.00,20.00,50.00,1.00
5.00,19.00,0.00,5.00,10.00,3.00,9.00,24.00,33.42,20.65,14254.47,0.23,128.00,0.05,791.92,690.22,50.00,78.00,23.00,19.00,37.00,1.00
7.00,9.00,0.00,13.00,5.00,3.00,5.00,35.00,44.17,17.70,13839.54,0.26,140.00,0.06,768.86,781.89,59.00,81.00,30.00,18.00,57.00,1.00
7.00,17.00,0.00,0.00,9.00,6.00,1.00,38.00,36.56,18.67,12738.85,0.23,131.00,0.05,707.71,682.44,49.00,82.00,21.00,16.00,47.00,1.00
14.00,5.00,0.00,3.00,3.00,3.00,1.00,42.00,55.85,16.94,16026.87,0.32,183.00,0.06,890.38,946.10,77.00,106.00,25.00,11.00,61.00,0.00
8.00,15.00,5.00,4.00,8.00,7.00,1.00,34.00,39.15,18.06,12773.74,0.24,132.00,0.06,709.65,707.20,51.00,81.00,24.00,17.00,53.00,1.00
1.00,11.00,3.00,0.00,6.00,3.00,1.00,21.00,13.20,30.00,11884.29,0.13,95.00,0.03,660.24,396.14,30.00,65.00,6.00,12.00,27.00,1.00
3.00,13.00,1.00,0.00,7.00,2.00,4.00,24.00,17.88,28.50,14520.29,0.17,101.00,0.04,806.68,509.48,42.00,59.00,14.00,19.00,30.00,1.00
4.00,7.00,0.00,0.00,4.00,4.00,1.00,34.00,38.20,17.54,11750.88,0.22,122.00,0.06,652.83,670.01,48.00,74.00,26.00,19.00,42.00,1.00
5.00,9.00,0.00,9.00,5.00,5.00,4.00,47.00,36.52,17.82,11595.06,0.22,124.00,0.06,644.17,650.74,49.00,75.00,22.00,16.00,63.00,1.00
3.00,9.00,0.00,0.00,5.00,2.00,3.00,25.00,50.57,15.68,12436.70,0.26,142.00,0.06,690.93,793.06,69.00,73.00,33.00,15.00,30.00,1.00
11.00,5.00,1.00,6.00,3.00,1.00,1.00,29.00,39.24,17.88,12552.13,0.23,131.00,0.06,697.34,701.84,62.00,69.00,26.00,15.00,49.00,1.00
3.00,15.00,0.00,2.00,8.00,8.00,4.00,41.00,56.56,15.72,13984.32,0.30,166.00,0.06,776.91,889.35,76.00,90.00,29.00,12.00,49.00,1.00
9.00,5.00,0.00,1.00,3.00,3.00,1.00,34.00,70.84,13.09,12140.27,0.31,157.00,0.08,674.46,927.38,72.00,85.00,44.00,16.00,48.00,0.00
4.00,5.00,0.00,0.00,3.00,2.00,1.00,19.00,38.69,18.00,12536.67,0.23,130.00,0.06,696.48,696.48,46.00,84.00,23.00,18.00,25.00,1.00
4.00,11.00,0.00,0.00,6.00,2.00,5.00,31.00,31.83,20.74,13685.29,0.22,132.00,0.05,760.29,660.00,47.00,85.00,17.00,15.00,39.00,1.00
7.00,7.00,0.00,0.00,4.00,3.00,3.00,23.00,18.50,28.59,15119.13,0.18,110.00,0.03,839.95,528.81,37.00,73.00,11.00,17.00,33.00,1.00
6.00,8.00,1.00,0.00,6.00,6.00,1.00,20.00,33.61,19.00,12134.00,0.21,120.00,0.05,674.11,638.63,42.00,78.00,21.00,19.00,29.00,1.00
2.00,9.00,0.00,0.00,5.00,5.00,3.00,34.00,50.69,16.00,12975.52,0.27,146.00,0.06,720.86,810.97,62.00,84.00,31.00,16.00,38.00,0.00
2.00,19.00,0.00,1.00,10.00,1.00,10.00,16.00,20.73,25.45,13434.72,0.18,111.00,0.04,746.37,527.79,35.00,76.00,11.00,16.00,23.00,1.00
7.00,21.00,2.00,0.00,11.00,9.00,9.00,46.00,43.65,18.26,14554.04,0.27,146.00,0.05,808.56,797.08,58.00,88.00,27.00,17.00,57.00,1.00
17.00,1.00,0.00,1.00,1.00,1.00,1.00,27.00,58.51,15.00,13165.87,0.29,174.00,0.07,731.44,877.72,60.00,114.00,22.00,11.00,47.00,0.00
6.00,9.00,0.00,10.00,5.00,4.00,3.00,21.00,26.11,24.56,15744.05,0.21,125.00,0.04,874.67,641.16,52.00,73.00,18.00,17.00,39.00,1.00
12.00,23.00,0.00,9.00,12.00,3.00,1.00,84.00,46.17,18.12,15155.04,0.28,174.00,0.06,841.95,836.48,56.00,118.00,17.00,11.00,107.00,1.00
2.00,7.00,1.00,0.00,4.00,3.00,1.00,26.00,33.38,19.48,12660.78,0.22,123.00,0.05,703.38,650.10,41.00,82.00,20.00,19.00,31.00,1.00
4.00,5.00,0.00,0.00,4.00,2.00,1.00,24.00,26.51,24.00,15269.00,0.21,137.00,0.04,848.28,636.21,32.00,105.00,10.00,15.00,30.00,1.00
3.00,7.00,1.00,1.00,4.00,4.00,1.00,35.00,36.91,20.06,14844.27,0.25,134.00,0.05,824.68,740.16,57.00,77.00,27.00,19.00,42.00,1.00
3.00,13.00,0.00,0.00,7.00,7.00,1.00,19.00,20.73,26.47,14527.94,0.18,107.00,0.04,807.11,548.83,50.00,57.00,17.00,18.00,24.00,1.00
3.00,15.00,0.00,2.00,9.00,3.00,4.00,39.00,38.03,19.38,14283.51,0.25,135.00,0.05,793.53,737.02,51.00,84.00,25.00,19.00,47.00,1.00
3.00,25.00,0.00,0.00,13.00,2.00,8.00,31.00,46.71,16.47,12668.01,0.26,137.00,0.06,703.78,769.22,62.00,75.00,32.00,17.00,34.00,1.00
3.00,13.00,1.00,2.00,7.00,4.00,5.00,13.00,20.49,25.11,12918.33,0.17,102.00,0.04,717.69,514.53,37.00,65.00,14.00,19.00,21.00,1.00
4.00,17.00,0.00,11.00,9.00,6.00,5.00,18.00,32.83,20.00,13131.61,0.22,127.00,0.05,729.53,656.58,56.00,71.00,21.00,15.00,35.00,1.00
1.00,11.00,3.00,0.00,6.00,3.00,1.00,21.00,17.26,29.33,14847.96,0.17,109.00,0.03,824.89,506.18,33.00,76.00,9.00,16.00,27.00,1.00
3.00,3.00,0.00,0.00,2.00,2.00,1.00,20.00,27.96,21.65,13103.56,0.20,120.00,0.05,727.98,605.33,46.00,74.00,17.00,16.00,25.00,0.00
11.00,9.00,0.00,10.00,5.00,3.00,1.00,34.00,41.06,18.63,14257.41,0.26,141.00,0.05,792.08,765.10,57.00,84.00,26.00,17.00,57.00,0.00
1.00,19.00,0.00,12.00,10.00,3.00,9.00,24.00,29.14,21.47,13437.64,0.21,122.00,0.05,746.54,625.77,51.00,71.00,19.00,16.00,37.00,0.00
7.00,11.00,2.00,0.00,7.00,4.00,1.00,38.00,41.08,17.04,11923.17,0.23,124.00,0.06,662.40,699.84,40.00,84.00,27.00,23.00,49.00,0.00
5.00,7.00,0.00,0.00,4.00,4.00,1.00,43.00,56.19,15.97,14330.78,0.30,159.00,0.06,796.15,897.37,62.00,97.00,33.00,17.00,50.00,1.00
7.00,7.00,0.00,3.00,4.00,3.00,1.00,34.00,62.88,14.48,13191.19,0.30,170.00,0.07,732.84,910.78,79.00,91.00,30.00,11.00,46.00,1.00
25.00,9.00,0.00,19.00,5.00,5.00,1.00,51.00,63.13,14.00,12372.78,0.29,160.00,0.07,687.38,883.77,64.00,96.00,32.00,14.00,97.00,0.00
6.00,23.00,0.00,2.00,12.00,4.00,8.00,35.00,21.55,25.94,14503.50,0.19,109.00,0.04,805.75,559.09,49.00,60.00,17.00,18.00,45.00,0.00
9.00,5.00,0.00,1.00,3.00,2.00,1.00,35.00,34.68,19.95,13803.30,0.23,136.00,0.05,766.85,691.89,57.00,79.00,20.00,14.00,48.00,1.00
9.00,7.00,0.00,0.00,4.00,4.00,1.00,27.00,43.28,16.32,11528.34,0.24,131.00,0.06,640.46,706.39,48.00,83.00,25.00,17.00,44.00,1.00
12.00,13.00,0.00,1.00,10.00,5.00,1.00,49.00,56.03,15.06,12703.19,0.28,148.00,0.07,705.73,843.67,62.00,86.00,35.00,17.00,64.00,1.00
1.00,13.00,0.00,0.00,7.00,4.00,1.00,27.00,28.77,22.11,14057.46,0.21,125.00,0.05,780.97,635.93,56.00,69.00,19.00,15.00,30.00,1.00
5.00,7.00,0.00,4.00,4.00,3.00,1.00,30.00,37.33,19.79,14618.93,0.25,133.00,0.05,812.16,738.76,49.00,84.00,26.00,21.00,41.00,0.00
2.00,21.00,1.00,4.00,11.00,4.00,1.00,28.00,39.14,19.00,14131.17,0.25,145.00,0.05,785.07,743.75,57.00,88.00,21.00,14.00,38.00,1.00
3.00,5.00,0.00,0.00,3.00,1.00,1.00,27.00,32.68,21.20,14686.72,0.23,134.00,0.05,815.93,692.77,53.00,81.00,20.00,16.00,33.00,0.00
5.00,11.00,2.00,0.00,6.00,6.00,1.00,34.00,56.63,16.00,14498.49,0.30,165.00,0.06,805.47,906.16,58.00,107.00,29.00,16.00,45.00,0.00
3.00,11.00,0.00,0.00,6.00,5.00,6.00,19.00,27.68,20.45,11581.23,0.19,105.00,0.05,643.40,566.19,45.00,60.00,22.00,20.00,22.00,1.00
4.00,11.00,0.00,1.00,6.00,6.00,1.00,18.00,31.94,19.58,12249.47,0.21,124.00,0.05,680.53,625.50,47.00,77.00,18.00,15.00,25.00,1.00
4.00,17.00,0.00,0.00,9.00,5.00,8.00,40.00,51.20,17.38,15465.98,0.30,164.00,0.06,859.22,889.91,72.00,92.00,29.00,14.00,46.00,1.00
9.00,5.00,0.00,0.00,3.00,3.00,1.00,32.00,49.73,17.74,15650.11,0.29,172.00,0.06,869.45,882.24,68.00,104.00,23.00,12.00,43.00,0.00
3.00,17.00,0.00,1.00,9.00,7.00,9.00,25.00,24.32,22.22,12011.92,0.18,103.00,0.05,667.33,540.54,40.00,63.00,18.00,20.00,33.00,0.00
12.00,3.00,0.00,1.00,2.00,2.00,1.00,33.00,83.93,12.86,13873.95,0.36,185.00,0.08,770.77,1079.08,72.00,113.00,42.00,15.00,49.00,1.00
2.00,9.00,0.00,3.00,5.00,2.00,1.00,30.00,15.98,30.00,14383.35,0.16,102.00,0.03,799.07,479.44,44.00,58.00,11.00,15.00,35.00,1.00
7.00,13.00,0.00,1.00,7.00,5.00,4.00,34.00,24.91,22.17,12240.48,0.18,106.00,0.05,680.03,552.20,42.00,64.00,18.00,19.00,44.00,0.00
2.00,7.00,1.00,1.00,4.00,4.00,1.00,36.00,32.50,21.07,14425.97,0.23,127.00,0.05,801.44,684.82,51.00,76.00,23.00,19.00,42.00,1.00
9.00,9.00,0.00,0.00,5.00,5.00,1.00,42.00,44.39,17.71,13920.86,0.26,140.00,0.06,773.38,786.06,61.00,79.00,31.00,18.00,53.00,1.00
4.00,7.00,0.00,1.00,4.00,3.00,3.00,35.00,33.07,20.90,14441.62,0.23,129.00,0.05,802.31,691.12,59.00,70.00,24.00,17.00,46.00,1.00
6.00,9.00,1.00,2.00,5.00,1.00,1.00,26.00,38.84,18.57,13396.47,0.24,143.00,0.05,744.25,721.35,65.00,78.00,21.00,12.00,37.00,0.00
3.00,19.00,0.00,0.00,10.00,4.00,5.00,28.00,15.83,31.91,16121.43,0.17,104.00,0.03,895.64,505.23,39.00,65.00,11.00,18.00,33.00,1.00
0.00,9.00,0.00,3.00,5.00,5.00,1.00,26.00,32.99,19.00,11909.84,0.21,117.00,0.05,661.66,626.83,44.00,73.00,22.00,19.00,31.00,1.00
11.00,9.00,0.00,1.00,5.00,3.00,1.00,26.00,29.49,21.53,13673.67,0.21,127.00,0.05,759.65,635.00,38.00,89.00,15.00,17.00,40.00,1.00
2.00,9.00,0.00,0.00,5.00,5.00,1.00,24.00,36.44,18.11,11950.27,0.22,124.00,0.06,663.90,659.92,49.00,75.00,23.00,17.00,28.00,1.00
3.00,29.00,0.00,0.00,15.00,3.00,14.00,35.00,44.61,17.33,13402.28,0.26,137.00,0.06,744.57,773.21,52.00,85.00,30.00,20.00,40.00,1.00
5.00,3.00,0.00,1.00,2.00,2.00,1.00,19.00,25.40,24.23,14910.20,0.21,128.00,0.04,828.34,615.34,42.00,86.00,13.00,15.00,27.00,1.00
4.00,15.00,1.00,7.00,8.00,5.00,3.00,25.00,17.68,29.42,15303.84,0.17,106.00,0.03,850.21,520.13,45.00,61.00,13.00,17.00,39.00,0.00
3.00,19.00,0.00,0.00,10.00,6.00,5.00,24.00,24.90,24.50,14945.00,0.20,122.00,0.04,830.28,610.00,49.00,73.00,16.00,16.00,29.00,0.00
4.00,15.00,1.00,3.00,8.00,4.00,5.00,34.00,15.71,30.91,15007.69,0.16,101.00,0.03,833.76,485.54,40.00,61.00,11.00,17.00,44.00,1.00
7.00,11.00,0.00,0.00,6.00,6.00,1.00,38.00,36.98,18.16,12193.85,0.22,132.00,0.06,677.44,671.55,46.00,86.00,19.00,15.00,47.00,1.00
2.00,11.00,0.00,0.00,6.00,3.00,6.00,27.00,18.98,25.44,12281.46,0.16,92.00,0.04,682.30,482.81,37.00,55.00,16.00,22.00,31.00,1.00
6.00,13.00,3.00,12.00,7.00,5.00,4.00,36.00,46.44,16.81,13123.81,0.26,143.00,0.06,729.10,780.70,65.00,78.00,29.00,15.00,62.00,1.00
5.00,7.00,0.00,0.00,4.00,2.00,1.00,19.00,25.70,25.15,16251.05,0.22,125.00,0.04,902.84,646.24,45.00,80.00,17.00,19.00,26.00,1.00
11.00,9.00,1.00,2.00,8.00,2.00,1.00,53.00,53.86,16.23,14208.41,0.29,155.00,0.06,789.36,874.80,53.00,102.00,31.00,19.00,69.00,1.00
8.00,11.00,0.00,0.00,6.00,4.00,1.00,47.00,48.70,16.96,14002.94,0.28,161.00,0.06,777.94,825.81,65.00,96.00,23.00,12.00,58.00,1.00
5.00,15.00,0.00,0.00,8.00,4.00,5.00,25.00,31.66,19.60,12163.36,0.21,113.00,0.05,675.74,620.58,49.00,64.00,25.00,20.00,32.00,1.00
3.00,7.00,0.00,0.00,4.00,2.00,4.00,17.00,24.86,23.50,13728.74,0.19,113.00,0.04,762.71,584.20,47.00,66.00,18.00,18.00,20.00,1.00
3.00,23.00,0.00,0.00,12.00,5.00,5.00,57.00,63.77,15.83,15986.79,0.34,178.00,0.06,888.15,1009.69,76.00,102.00,36.00,15.00,64.00,1.00
7.00,11.00,0.00,9.00,6.00,5.00,4.00,42.00,61.34,13.76,11621.51,0.28,152.00,0.07,645.64,844.30,72.00,80.00,34.00,13.00,60.00,1.00
1.00,7.00,0.00,0.00,4.00,2.00,1.00,18.00,29.26,21.20,13152.29,0.21,120.00,0.05,730.68,620.39,53.00,67.00,20.00,16.00,23.00,1.00
2.00,7.00,0.00,0.00,4.00,4.00,3.00,20.00,21.35,25.07,13412.00,0.18,108.00,0.04,745.11,535.05,47.00,61.00,15.00,16.00,22.00,1.00
5.00,9.00,0.00,4.00,5.00,5.00,1.00,29.00,35.59,20.00,14235.72,0.24,132.00,0.05,790.87,711.79,44.00,88.00,22.00,20.00,40.00,0.00
2.00,23.00,0.00,0.00,12.00,12.00,1.00,53.00,53.91,14.96,12065.36,0.27,156.00,0.07,670.30,806.51,68.00,88.00,25.00,11.00,59.00,1.00
4.00,9.00,0.00,1.00,5.00,1.00,1.00,22.00,8.94,38.40,13184.52,0.11,84.00,0.03,732.47,343.35,32.00,52.00,5.00,12.00,30.00,1.00
15.00,9.00,0.00,17.00,5.00,4.00,1.00,22.00,21.18,25.50,13770.00,0.18,108.00,0.04,765.00,540.00,45.00,63.00,15.00,17.00,62.00,1.00
7.00,3.00,0.00,2.00,2.00,1.00,1.00,24.00,28.49,23.22,15363.84,0.22,127.00,0.04,853.55,661.60,44.00,83.00,18.00,19.00,36.00,1.00
14.00,5.00,0.00,5.00,3.00,3.00,1.00,31.00,49.10,16.69,13680.63,0.27,154.00,0.06,760.04,819.58,62.00,92.00,26.00,14.00,52.00,1.00
6.00,11.00,0.00,5.00,6.00,2.00,4.00,33.00,22.95,26.60,16239.18,0.20,120.00,0.04,902.18,610.50,42.00,78.00,15.00,19.00,47.00,1.00
9.00,7.00,2.00,10.00,4.00,2.00,3.00,26.00,30.72,20.48,12879.44,0.21,119.00,0.05,715.52,628.96,53.00,66.00,22.00,17.00,51.00,1.00
6.00,15.00,0.00,1.00,8.00,4.00,1.00,34.00,18.36,27.44,13829.69,0.17,113.00,0.04,768.32,503.92,38.00,75.00,9.00,13.00,43.00,0.00
5.00,1.00,0.00,0.00,1.00,1.00,1.00,22.00,20.58,26.25,14181.33,0.18,125.00,0.04,787.85,540.24,35.00,90.00,8.00,12.00,29.00,1.00
2.00,11.00,0.00,1.00,6.00,5.00,5.00,31.00,53.79,15.94,13658.79,0.29,157.00,0.06,758.82,857.13,76.00,81.00,31.00,13.00,36.00,0.00
4.00,9.00,0.00,4.00,5.00,5.00,1.00,49.00,62.70,14.67,13500.00,0.31,184.00,0.07,750.00,920.00,75.00,109.00,23.00,9.00,59.00,1.00
3.00,21.00,0.00,0.00,11.00,3.00,9.00,22.00,32.40,20.43,13523.80,0.22,122.00,0.05,751.32,662.00,39.00,83.00,21.00,22.00,27.00,1.00
2.00,13.00,0.00,11.00,7.00,4.00,1.00,28.00,22.53,24.28,13279.76,0.18,105.00,0.04,737.76,546.99,46.00,59.00,18.00,19.00,41.00,1.00
9.00,15.00,0.00,0.00,8.00,5.00,7.00,37.00,38.11,20.46,15956.79,0.26,142.00,0.05,886.49,779.84,56.00,86.00,26.00,19.00,48.00,0.00
4.00,13.00,0.00,0.00,7.00,4.00,4.00,35.00,65.26,15.62,15920.32,0.34,174.00,0.06,884.46,1019.29,82.00,92.00,42.00,16.00,41.00,0.00
0.00,1.00,0.00,0.00,1.00,1.00,1.00,11.00,49.79,18.00,16132.76,0.30,193.00,0.06,896.26,896.26,54.00,139.00,15.00,10.00,13.00,1.00
2.00,15.00,0.00,0.00,8.00,2.00,8.00,18.00,13.30,33.00,14482.46,0.15,87.00,0.03,804.58,438.86,33.00,54.00,11.00,22.00,23.00,0.00
7.00,14.00,0.00,0.00,8.00,5.00,1.00,32.00,24.60,22.91,12911.28,0.19,109.00,0.04,717.29,563.52,41.00,68.00,17.00,19.00,41.00,1.00
7.00,7.00,0.00,7.00,4.00,3.00,1.00,33.00,26.94,22.84,14058.41,0.21,122.00,0.04,781.02,615.42,43.00,79.00,16.00,17.00,49.00,1.00
7.00,15.00,0.00,5.00,8.00,7.00,4.00,46.00,41.47,19.33,15501.67,0.27,146.00,0.05,861.20,801.81,58.00,88.00,27.00,18.00,60.00,0.00
11.00,11.00,0.00,1.00,6.00,3.00,1.00,21.00,37.64,19.19,13863.58,0.24,142.00,0.05,770.20,722.42,62.00,80.00,21.00,13.00,36.00,1.00
1.00,21.00,0.00,7.00,11.00,1.00,11.00,21.00,9.39,36.40,12446.39,0.11,82.00,0.03,691.47,341.93,28.00,54.00,5.00,13.00,31.00,1.00
5.00,15.00,5.00,5.00,8.00,5.00,3.00,29.00,29.00,19.95,11543.38,0.19,108.00,0.05,641.30,578.62,38.00,70.00,20.00,21.00,46.00,0.00
8.00,11.00,0.00,10.00,6.00,3.00,5.00,37.00,44.48,18.67,15497.41,0.28,153.00,0.05,860.97,830.22,63.00,90.00,27.00,16.00,61.00,1.00
5.00,7.00,0.00,0.00,4.00,3.00,1.00,30.00,24.04,23.04,12757.41,0.18,114.00,0.04,708.74,553.81,43.00,71.00,14.00,15.00,37.00,1.00
8.00,13.00,0.00,0.00,7.00,6.00,5.00,43.00,37.62,18.57,12979.70,0.23,128.00,0.05,721.09,698.81,59.00,69.00,27.00,17.00,53.00,1.00
4.00,5.00,8.00,2.00,3.00,3.00,1.00,33.00,30.65,20.86,13343.00,0.21,121.00,0.05,741.28,639.53,54.00,67.00,22.00,17.00,49.00,0.00
8.00,19.00,2.00,7.00,10.00,7.00,7.00,33.00,35.12,20.63,14938.64,0.24,129.00,0.05,829.92,724.30,55.00,74.00,28.00,21.00,53.00,1.00
9.00,5.00,0.00,5.00,3.00,3.00,1.00,28.00,38.33,20.13,15525.34,0.26,147.00,0.05,862.52,771.45,69.00,78.00,24.00,14.00,44.00,1.00
9.00,7.00,0.00,0.00,4.00,4.00,1.00,30.00,50.00,17.14,14693.67,0.29,157.00,0.06,816.32,857.13,60.00,97.00,28.00,16.00,41.00,1.00
1.00,3.00,2.00,0.00,2.00,2.00,1.00,18.00,20.69,24.92,12843.75,0.17,111.00,0.04,713.54,515.47,46.00,65.00,12.00,13.00,23.00,1.00
3.00,15.00,0.00,1.00,8.00,1.00,1.00,23.00,7.91,39.00,12034.40,0.10,74.00,0.03,668.58,308.57,30.00,44.00,5.00,13.00,29.00,1.00
6.00,11.00,0.00,5.00,6.00,6.00,1.00,34.00,52.23,16.39,14034.78,0.29,155.00,0.06,779.71,856.15,51.00,104.00,28.00,18.00,49.00,1.00
13.00,13.00,0.00,8.00,7.00,7.00,7.00,44.00,94.47,13.02,16014.60,0.41,205.00,0.08,889.70,1230.00,93.00,112.00,50.00,14.00,67.00,1.00
5.00,3.00,0.00,0.00,2.00,2.00,1.00,34.00,75.08,12.58,11873.65,0.31,174.00,0.08,659.65,944.17,83.00,91.00,33.00,10.00,41.00,0.00
4.00,7.00,0.00,3.00,4.00,4.00,1.00,19.00,25.41,24.81,15636.03,0.21,121.00,0.04,868.67,630.34,47.00,74.00,18.00,19.00,28.00,1.00
6.00,5.00,0.00,0.00,3.00,3.00,1.00,71.00,67.75,14.46,14173.92,0.33,168.00,0.07,787.44,979.93,81.00,87.00,42.00,15.00,79.00,0.00
6.00,7.00,0.00,3.00,4.00,4.00,1.00,31.00,57.87,15.44,13798.14,0.30,160.00,0.06,766.56,893.59,75.00,85.00,34.00,14.00,42.00,0.00
4.00,13.00,0.00,0.00,7.00,6.00,3.00,27.00,41.43,17.81,13145.13,0.25,136.00,0.06,730.28,737.97,45.00,91.00,24.00,19.00,33.00,1.00
5.00,5.00,8.00,2.00,3.00,3.00,1.00,33.00,29.24,20.64,12458.21,0.20,115.00,0.05,692.12,603.51,51.00,64.00,21.00,17.00,50.00,0.00
7.00,7.00,0.00,0.00,5.00,2.00,1.00,37.00,43.09,17.05,12520.45,0.24,141.00,0.06,695.58,734.53,50.00,91.00,22.00,15.00,46.00,1.00
8.00,5.00,1.00,2.00,3.00,3.00,1.00,24.00,25.59,24.11,14873.23,0.21,127.00,0.04,826.29,616.96,45.00,82.00,14.00,15.00,37.00,1.00
2.00,14.00,1.00,0.00,12.00,11.00,1.00,44.00,40.54,16.90,11574.05,0.23,122.00,0.06,643.00,684.99,49.00,73.00,29.00,20.00,47.00,1.00
3.00,7.00,0.00,0.00,4.00,4.00,1.00,28.00,49.68,15.71,12267.49,0.26,151.00,0.06,681.53,780.66,44.00,107.00,21.00,15.00,34.00,0.00
8.00,11.00,0.00,5.00,6.00,6.00,1.00,47.00,77.33,12.63,12344.19,0.33,169.00,0.08,685.79,977.05,74.00,95.00,41.00,14.00,63.00,0.00
5.00,7.00,0.00,0.00,4.00,4.00,3.00,26.00,30.98,20.09,12501.62,0.21,114.00,0.05,694.53,622.38,44.00,70.00,23.00,21.00,33.00,0.00
10.00,29.00,0.00,19.00,15.00,13.00,5.00,71.00,80.51,12.73,13052.74,0.34,175.00,0.08,725.15,1025.15,73.00,102.00,43.00,15.00,102.00,0.00
2.00,21.00,0.00,9.00,11.00,1.00,11.00,28.00,21.60,27.08,15847.16,0.20,126.00,0.04,880.40,585.13,50.00,76.00,12.00,13.00,39.00,1.00
3.00,9.00,0.00,2.00,5.00,4.00,1.00,31.00,25.52,22.39,12800.51,0.19,106.00,0.04,711.14,571.59,37.00,69.00,19.00,23.00,39.00,1.00
6.00,7.00,2.00,1.00,4.00,3.00,1.00,23.00,54.93,16.69,15306.50,0.31,166.00,0.06,850.36,916.91,69.00,97.00,31.00,15.00,34.00,1.00
4.00,9.00,2.00,2.00,5.00,3.00,1.00,31.00,38.98,17.50,11939.04,0.23,130.00,0.06,663.28,682.23,60.00,70.00,24.00,14.00,41.00,1.00
3.00,15.00,1.00,1.00,8.00,7.00,3.00,40.00,59.15,15.59,14378.96,0.31,161.00,0.06,798.83,922.20,79.00,82.00,38.00,15.00,47.00,0.00
1.00,17.00,1.00,0.00,9.00,4.00,5.00,24.00,12.37,32.50,13063.03,0.13,93.00,0.03,725.72,401.94,35.00,58.00,7.00,13.00,30.00,1.00
6.00,13.00,1.00,3.00,7.00,2.00,5.00,35.00,29.18,20.50,12264.41,0.20,114.00,0.05,681.36,598.26,41.00,73.00,19.00,19.00,49.00,1.00
2.00,7.00,0.00,0.00,6.00,5.00,1.00,39.00,33.13,20.42,13810.22,0.23,117.00,0.05,767.23,676.42,49.00,68.00,30.00,25.00,41.00,1.00
1.00,37.00,0.00,0.00,19.00,19.00,19.00,21.00,38.97,19.74,15179.93,0.26,160.00,0.05,843.33,769.18,61.00,99.00,17.00,11.00,24.00,1.00
13.00,13.00,0.00,0.00,12.00,1.00,1.00,42.00,30.57,21.48,14101.51,0.22,121.00,0.05,783.42,656.58,45.00,76.00,22.00,21.00,57.00,1.00
4.00,11.00,0.00,0.00,6.00,6.00,1.00,21.00,33.67,19.34,12595.49,0.22,128.00,0.05,699.75,651.20,49.00,79.00,19.00,15.00,27.00,1.00
6.00,19.00,1.00,7.00,11.00,3.00,3.00,29.00,24.27,23.33,13211.18,0.19,105.00,0.04,733.95,566.19,35.00,70.00,18.00,24.00,45.00,0.00
