预测样本涵盖率: 0.08868501529051988
实际样本涵盖率: 0.12844036697247707
查全率： 0.6904761904761905
预测准确率： 0.8440366972477065
查准率： 0.9418960244648318
结果集为：
[0 0 0 0 0 0 0 0 0 0 0 0 0 0 0 0 1 0 0 0 0 0 0 0 0 0 0 0 1 0 0 0 0 0 0 0 1
 1 0 0 0 1 0 0 0 0 0 0 0 0 0 0 1 0 0 1 0 0 0 0 0 0 0 0 0 0 1 0 1 0 0 0 0 0
 0 1 0 0 0 0 0 0 0 0 0 0 0 0 0 0 0 0 0 0 1 0 0 0 0 0 0 0 0 0 0 0 0 0 0 0 0
 0 0 0 1 0 0 0 0 0 0 0 0 0 0 0 0 0 0 0 1 0 0 0 0 0 0 0 0 0 0 1 0 0 0 0 1 0
 1 0 0 0 0 0 0 1 0 0 0 1 0 0 0 0 0 0 0 0 0 0 0 0 0 0 0 0 0 0 0 0 0 0 0 0 0
 0 0 0 0 0 0 0 0 0 0 1 0 0 0 0 0 0 0 0 0 0 0 0 0 0 0 0 0 0 0 0 0 0 0 0 0 0
 0 0 0 0 1 0 0 0 0 1 0 0 0 0 0 0 0 0 0 0 0 0 0 0 0 0 0 0 0 0 0 0 0 1 0 0 0
 0 0 0 0 0 0 0 0 0 0 1 0 0 0 1 0 0 0 0 1 0 0 0 0 1 0 0 0 0 0 0 0 0 0 0 1 0
 0 0 0 0 0 0 0 0 0 0 0 0 0 1 0 0 0 0 0 0 0 0 0 0 0 0 0 1 0 0 0]
多维支持向量机的系数为：
[[-6.34167949e-03 -2.58473533e-03  1.35271069e-03  1.57246465e-03
   6.24768676e-04 -1.41246043e-03 -1.93389396e-03 -3.23658465e-04
  -1.16014264e-04 -3.14604923e-03  5.09309666e-04 -2.96435092e-04
  -2.59851512e-04 -2.52851878e-03 -6.61364364e-04 -7.33475670e-03
  -7.23164784e-04 -5.65183405e-03 -1.02548953e-02  2.52126287e-05
  -8.60092057e-06 -8.56193512e-03 -2.03573932e-04  5.88000944e-06
   2.52371918e-03 -1.15342681e-03 -6.48223082e-04 -7.06963841e-04
  -8.73124879e-04 -1.95260978e-04 -5.70591431e-03 -2.85602081e-03
  -2.61885018e-03 -9.63607285e-03 -1.27622939e-02 -7.63146879e-03
  -5.76229206e-03]]
多维支持向量机的截距为：
[-0.00127358]

Process finished with exit code 0
